pho, r, top
(0, 14, ())
(0, 13, (0,))
(0, 12, (0, 0))
(0, 12, (0, 1))
(0, 11, (0, 0, 0))
(0, 11, (0, 0, 1))
(0, 11, (0, 1, 0))
(0, 11, (0, 1, 1))
(0, 10, (0, 0, 0, 0))
(0, 10, (0, 0, 0, 1))
(0, 10, (0, 0, 1, 0))
(0, 10, (0, 0, 1, 1))
(0, 10, (0, 1, 0, 0))
(0, 10, (0, 1, 0, 1))
(0, 10, (0, 1, 1, 0))
(0, 10, (0, 1, 1, 1))
(0, 9, (0, 0, 0, 0, 0))
(0, 9, (0, 0, 0, 0, 1))
(0, 9, (0, 0, 0, 1, 0))
(0, 9, (0, 0, 0, 1, 1))
(0, 9, (0, 0, 1, 0, 0))
(0, 9, (0, 0, 1, 0, 1))
(0, 9, (0, 0, 1, 1, 0))
(0, 9, (0, 0, 1, 1, 1))
(0, 9, (0, 1, 0, 0, 0))
(0, 9, (0, 1, 0, 0, 1))
(0, 9, (0, 1, 0, 1, 0))
(0, 9, (0, 1, 0, 1, 1))
(0, 9, (0, 1, 1, 0, 0))
(0, 9, (0, 1, 1, 0, 1))
(0, 9, (0, 1, 1, 1, 0))
(0, 9, (0, 1, 1, 1, 1))
(0, 8, (0, 0, 0, 0, 0, 0))
(0, 8, (0, 0, 0, 0, 0, 1))
(0, 8, (0, 0, 0, 0, 1, 0))
(0, 8, (0, 0, 0, 0, 1, 1))
(0, 8, (0, 0, 0, 1, 0, 0))
(0, 8, (0, 0, 0, 1, 0, 1))
(0, 8, (0, 0, 0, 1, 1, 0))
(0, 8, (0, 0, 0, 1, 1, 1))
(0, 8, (0, 0, 1, 0, 0, 0))
(0, 8, (0, 0, 1, 0, 0, 1))
(0, 8, (0, 0, 1, 0, 1, 0))
(0, 8, (0, 0, 1, 0, 1, 1))
(0, 8, (0, 0, 1, 1, 0, 0))
(0, 8, (0, 0, 1, 1, 0, 1))
(0, 8, (0, 0, 1, 1, 1, 0))
(0, 8, (0, 0, 1, 1, 1, 1))
(0, 8, (0, 1, 0, 0, 0, 0))
(0, 8, (0, 1, 0, 0, 0, 1))
(0, 8, (0, 1, 0, 0, 1, 0))
(0, 8, (0, 1, 0, 0, 1, 1))
(0, 8, (0, 1, 0, 1, 0, 0))
(0, 8, (0, 1, 0, 1, 0, 1))
(0, 8, (0, 1, 0, 1, 1, 0))
(0, 8, (0, 1, 0, 1, 1, 1))
(0, 8, (0, 1, 1, 0, 0, 0))
(0, 8, (0, 1, 1, 0, 0, 1))
(0, 8, (0, 1, 1, 0, 1, 0))
(0, 8, (0, 1, 1, 0, 1, 1))
(0, 8, (0, 1, 1, 1, 0, 0))
(0, 8, (0, 1, 1, 1, 0, 1))
(0, 8, (0, 1, 1, 1, 1, 0))
(0, 7, (0, 0, 0, 0, 0, 0, 0))
(0, 7, (0, 0, 0, 0, 0, 0, 1))
(0, 7, (0, 0, 0, 0, 0, 1, 0))
(0, 7, (0, 0, 0, 0, 0, 1, 1))
(0, 7, (0, 0, 0, 0, 1, 0, 0))
(0, 7, (0, 0, 0, 0, 1, 0, 1))
(0, 7, (0, 0, 0, 0, 1, 1, 0))
(0, 7, (0, 0, 0, 0, 1, 1, 1))
(0, 7, (0, 0, 0, 1, 0, 0, 0))
(0, 7, (0, 0, 0, 1, 0, 0, 1))
(0, 7, (0, 0, 0, 1, 0, 1, 0))
(0, 7, (0, 0, 0, 1, 0, 1, 1))
(0, 7, (0, 0, 0, 1, 1, 0, 0))
(0, 7, (0, 0, 0, 1, 1, 0, 1))
(0, 7, (0, 0, 0, 1, 1, 1, 0))
(0, 7, (0, 0, 0, 1, 1, 1, 1))
(0, 7, (0, 0, 1, 0, 0, 0, 0))
(0, 7, (0, 0, 1, 0, 0, 0, 1))
(0, 7, (0, 0, 1, 0, 0, 1, 0))
(0, 7, (0, 0, 1, 0, 0, 1, 1))
(0, 7, (0, 0, 1, 0, 1, 0, 0))
(0, 7, (0, 0, 1, 0, 1, 0, 1))
(0, 7, (0, 0, 1, 0, 1, 1, 0))
(0, 7, (0, 0, 1, 0, 1, 1, 1))
(0, 7, (0, 0, 1, 1, 0, 0, 0))
(0, 7, (0, 0, 1, 1, 0, 0, 1))
(0, 7, (0, 0, 1, 1, 0, 1, 0))
(0, 7, (0, 0, 1, 1, 0, 1, 1))
(0, 7, (0, 0, 1, 1, 1, 0, 0))
(0, 7, (0, 0, 1, 1, 1, 0, 1))
(0, 7, (0, 0, 1, 1, 1, 1, 0))
(0, 7, (0, 1, 0, 0, 0, 0, 0))
(0, 7, (0, 1, 0, 0, 0, 0, 1))
(0, 7, (0, 1, 0, 0, 0, 1, 0))
(0, 7, (0, 1, 0, 0, 0, 1, 1))
(0, 7, (0, 1, 0, 0, 1, 0, 0))
(0, 7, (0, 1, 0, 0, 1, 0, 1))
(0, 7, (0, 1, 0, 0, 1, 1, 0))
(0, 7, (0, 1, 0, 0, 1, 1, 1))
(0, 7, (0, 1, 0, 1, 0, 0, 0))
(0, 7, (0, 1, 0, 1, 0, 0, 1))
(0, 7, (0, 1, 0, 1, 0, 1, 0))
(0, 7, (0, 1, 0, 1, 0, 1, 1))
(0, 7, (0, 1, 0, 1, 1, 0, 0))
(0, 7, (0, 1, 0, 1, 1, 0, 1))
(0, 7, (0, 1, 0, 1, 1, 1, 0))
(0, 7, (0, 1, 0, 1, 1, 1, 1))
(0, 7, (0, 1, 1, 0, 0, 0, 0))
(0, 7, (0, 1, 1, 0, 0, 0, 1))
(0, 7, (0, 1, 1, 0, 0, 1, 0))
(0, 7, (0, 1, 1, 0, 0, 1, 1))
(0, 7, (0, 1, 1, 0, 1, 0, 0))
(0, 7, (0, 1, 1, 0, 1, 0, 1))
(0, 7, (0, 1, 1, 0, 1, 1, 0))
(0, 7, (0, 1, 1, 0, 1, 1, 1))
(0, 7, (0, 1, 1, 1, 0, 0, 0))
(0, 7, (0, 1, 1, 1, 0, 0, 1))
(0, 7, (0, 1, 1, 1, 0, 1, 0))
(0, 7, (0, 1, 1, 1, 0, 1, 1))
(0, 7, (0, 1, 1, 1, 1, 0, 0))
(0, 7, (0, 1, 1, 1, 1, 0, 1))
(0, 6, (0, 0, 0, 0, 0, 0, 0, 0))
(0, 6, (0, 0, 0, 0, 0, 0, 0, 1))
(0, 6, (0, 0, 0, 0, 0, 0, 1, 0))
(0, 6, (0, 0, 0, 0, 0, 0, 1, 1))
(0, 6, (0, 0, 0, 0, 0, 1, 0, 0))
(0, 6, (0, 0, 0, 0, 0, 1, 0, 1))
(0, 6, (0, 0, 0, 0, 0, 1, 1, 0))
(0, 6, (0, 0, 0, 0, 0, 1, 1, 1))
(0, 6, (0, 0, 0, 0, 1, 0, 0, 0))
(0, 6, (0, 0, 0, 0, 1, 0, 0, 1))
(0, 6, (0, 0, 0, 0, 1, 0, 1, 0))
(0, 6, (0, 0, 0, 0, 1, 0, 1, 1))
(0, 6, (0, 0, 0, 0, 1, 1, 0, 0))
(0, 6, (0, 0, 0, 0, 1, 1, 0, 1))
(0, 6, (0, 0, 0, 0, 1, 1, 1, 0))
(0, 6, (0, 0, 0, 0, 1, 1, 1, 1))
(0, 6, (0, 0, 0, 1, 0, 0, 0, 0))
(0, 6, (0, 0, 0, 1, 0, 0, 0, 1))
(0, 6, (0, 0, 0, 1, 0, 0, 1, 0))
(0, 6, (0, 0, 0, 1, 0, 0, 1, 1))
(0, 6, (0, 0, 0, 1, 0, 1, 0, 0))
(0, 6, (0, 0, 0, 1, 0, 1, 0, 1))
(0, 6, (0, 0, 0, 1, 0, 1, 1, 0))
(0, 6, (0, 0, 0, 1, 0, 1, 1, 1))
(0, 6, (0, 0, 0, 1, 1, 0, 0, 0))
(0, 6, (0, 0, 0, 1, 1, 0, 0, 1))
(0, 6, (0, 0, 0, 1, 1, 0, 1, 0))
(0, 6, (0, 0, 0, 1, 1, 0, 1, 1))
(0, 6, (0, 0, 0, 1, 1, 1, 0, 0))
(0, 6, (0, 0, 0, 1, 1, 1, 0, 1))
(0, 6, (0, 0, 0, 1, 1, 1, 1, 0))
(0, 6, (0, 0, 1, 0, 0, 0, 0, 0))
(0, 6, (0, 0, 1, 0, 0, 0, 0, 1))
(0, 6, (0, 0, 1, 0, 0, 0, 1, 0))
(0, 6, (0, 0, 1, 0, 0, 0, 1, 1))
(0, 6, (0, 0, 1, 0, 0, 1, 0, 0))
(0, 6, (0, 0, 1, 0, 0, 1, 0, 1))
(0, 6, (0, 0, 1, 0, 0, 1, 1, 0))
(0, 6, (0, 0, 1, 0, 0, 1, 1, 1))
(0, 6, (0, 0, 1, 0, 1, 0, 0, 0))
(0, 6, (0, 0, 1, 0, 1, 0, 0, 1))
(0, 6, (0, 0, 1, 0, 1, 0, 1, 0))
(0, 6, (0, 0, 1, 0, 1, 0, 1, 1))
(0, 6, (0, 0, 1, 0, 1, 1, 0, 0))
(0, 6, (0, 0, 1, 0, 1, 1, 0, 1))
(0, 6, (0, 0, 1, 0, 1, 1, 1, 0))
(0, 6, (0, 0, 1, 0, 1, 1, 1, 1))
(0, 6, (0, 0, 1, 1, 0, 0, 0, 0))
(0, 6, (0, 0, 1, 1, 0, 0, 0, 1))
(0, 6, (0, 0, 1, 1, 0, 0, 1, 0))
(0, 6, (0, 0, 1, 1, 0, 0, 1, 1))
(0, 6, (0, 0, 1, 1, 0, 1, 0, 0))
(0, 6, (0, 0, 1, 1, 0, 1, 0, 1))
(0, 6, (0, 0, 1, 1, 0, 1, 1, 0))
(0, 6, (0, 0, 1, 1, 0, 1, 1, 1))
(0, 6, (0, 0, 1, 1, 1, 0, 0, 0))
(0, 6, (0, 0, 1, 1, 1, 0, 0, 1))
(0, 6, (0, 0, 1, 1, 1, 0, 1, 0))
(0, 6, (0, 0, 1, 1, 1, 0, 1, 1))
(0, 6, (0, 0, 1, 1, 1, 1, 0, 0))
(0, 6, (0, 0, 1, 1, 1, 1, 0, 1))
(0, 6, (0, 1, 0, 0, 0, 0, 0, 0))
(0, 6, (0, 1, 0, 0, 0, 0, 0, 1))
(0, 6, (0, 1, 0, 0, 0, 0, 1, 0))
(0, 6, (0, 1, 0, 0, 0, 0, 1, 1))
(0, 6, (0, 1, 0, 0, 0, 1, 0, 0))
(0, 6, (0, 1, 0, 0, 0, 1, 0, 1))
(0, 6, (0, 1, 0, 0, 0, 1, 1, 0))
(0, 6, (0, 1, 0, 0, 0, 1, 1, 1))
(0, 6, (0, 1, 0, 0, 1, 0, 0, 0))
(0, 6, (0, 1, 0, 0, 1, 0, 0, 1))
(0, 6, (0, 1, 0, 0, 1, 0, 1, 0))
(0, 6, (0, 1, 0, 0, 1, 0, 1, 1))
(0, 6, (0, 1, 0, 0, 1, 1, 0, 0))
(0, 6, (0, 1, 0, 0, 1, 1, 0, 1))
(0, 6, (0, 1, 0, 0, 1, 1, 1, 0))
(0, 6, (0, 1, 0, 0, 1, 1, 1, 1))
(0, 6, (0, 1, 0, 1, 0, 0, 0, 0))
(0, 6, (0, 1, 0, 1, 0, 0, 0, 1))
(0, 6, (0, 1, 0, 1, 0, 0, 1, 0))
(0, 6, (0, 1, 0, 1, 0, 0, 1, 1))
(0, 6, (0, 1, 0, 1, 0, 1, 0, 0))
(0, 6, (0, 1, 0, 1, 0, 1, 0, 1))
(0, 6, (0, 1, 0, 1, 0, 1, 1, 0))
(0, 6, (0, 1, 0, 1, 0, 1, 1, 1))
(0, 6, (0, 1, 0, 1, 1, 0, 0, 0))
(0, 6, (0, 1, 0, 1, 1, 0, 0, 1))
(0, 6, (0, 1, 0, 1, 1, 0, 1, 0))
(0, 6, (0, 1, 0, 1, 1, 0, 1, 1))
(0, 6, (0, 1, 0, 1, 1, 1, 0, 0))
(0, 6, (0, 1, 0, 1, 1, 1, 0, 1))
(0, 6, (0, 1, 0, 1, 1, 1, 1, 0))
(0, 6, (0, 1, 1, 0, 0, 0, 0, 0))
(0, 6, (0, 1, 1, 0, 0, 0, 0, 1))
(0, 6, (0, 1, 1, 0, 0, 0, 1, 0))
(0, 6, (0, 1, 1, 0, 0, 0, 1, 1))
(0, 6, (0, 1, 1, 0, 0, 1, 0, 0))
(0, 6, (0, 1, 1, 0, 0, 1, 0, 1))
(0, 6, (0, 1, 1, 0, 0, 1, 1, 0))
(0, 6, (0, 1, 1, 0, 0, 1, 1, 1))
(0, 6, (0, 1, 1, 0, 1, 0, 0, 0))
(0, 6, (0, 1, 1, 0, 1, 0, 0, 1))
(0, 6, (0, 1, 1, 0, 1, 0, 1, 0))
(0, 6, (0, 1, 1, 0, 1, 0, 1, 1))
(0, 6, (0, 1, 1, 0, 1, 1, 0, 0))
(0, 6, (0, 1, 1, 0, 1, 1, 0, 1))
(0, 6, (0, 1, 1, 0, 1, 1, 1, 0))
(0, 6, (0, 1, 1, 0, 1, 1, 1, 1))
(0, 6, (0, 1, 1, 1, 0, 0, 0, 0))
(0, 6, (0, 1, 1, 1, 0, 0, 0, 1))
(0, 6, (0, 1, 1, 1, 0, 0, 1, 0))
(0, 6, (0, 1, 1, 1, 0, 0, 1, 1))
(0, 6, (0, 1, 1, 1, 0, 1, 0, 0))
(0, 6, (0, 1, 1, 1, 0, 1, 0, 1))
(0, 6, (0, 1, 1, 1, 0, 1, 1, 0))
(0, 6, (0, 1, 1, 1, 0, 1, 1, 1))
(0, 6, (0, 1, 1, 1, 1, 0, 0, 0))
(0, 6, (0, 1, 1, 1, 1, 0, 0, 1))
(0, 6, (0, 1, 1, 1, 1, 0, 1, 0))
(0, 6, (0, 1, 1, 1, 1, 0, 1, 1))
(0, 5, (0, 0, 0, 0, 0, 0, 0, 0, 0))
(0, 5, (0, 0, 0, 0, 0, 0, 0, 0, 1))
(0, 5, (0, 0, 0, 0, 0, 0, 0, 1, 0))
(0, 5, (0, 0, 0, 0, 0, 0, 0, 1, 1))
(0, 5, (0, 0, 0, 0, 0, 0, 1, 0, 0))
(0, 5, (0, 0, 0, 0, 0, 0, 1, 0, 1))
(0, 5, (0, 0, 0, 0, 0, 0, 1, 1, 0))
(0, 5, (0, 0, 0, 0, 0, 0, 1, 1, 1))
(0, 5, (0, 0, 0, 0, 0, 1, 0, 0, 0))
(0, 5, (0, 0, 0, 0, 0, 1, 0, 0, 1))
(0, 5, (0, 0, 0, 0, 0, 1, 0, 1, 0))
(0, 5, (0, 0, 0, 0, 0, 1, 0, 1, 1))
(0, 5, (0, 0, 0, 0, 0, 1, 1, 0, 0))
(0, 5, (0, 0, 0, 0, 0, 1, 1, 0, 1))
(0, 5, (0, 0, 0, 0, 0, 1, 1, 1, 0))
(0, 5, (0, 0, 0, 0, 0, 1, 1, 1, 1))
(0, 5, (0, 0, 0, 0, 1, 0, 0, 0, 0))
(0, 5, (0, 0, 0, 0, 1, 0, 0, 0, 1))
(0, 5, (0, 0, 0, 0, 1, 0, 0, 1, 0))
(0, 5, (0, 0, 0, 0, 1, 0, 0, 1, 1))
(0, 5, (0, 0, 0, 0, 1, 0, 1, 0, 0))
(0, 5, (0, 0, 0, 0, 1, 0, 1, 0, 1))
(0, 5, (0, 0, 0, 0, 1, 0, 1, 1, 0))
(0, 5, (0, 0, 0, 0, 1, 0, 1, 1, 1))
(0, 5, (0, 0, 0, 0, 1, 1, 0, 0, 0))
(0, 5, (0, 0, 0, 0, 1, 1, 0, 0, 1))
(0, 5, (0, 0, 0, 0, 1, 1, 0, 1, 0))
(0, 5, (0, 0, 0, 0, 1, 1, 0, 1, 1))
(0, 5, (0, 0, 0, 0, 1, 1, 1, 0, 0))
(0, 5, (0, 0, 0, 0, 1, 1, 1, 0, 1))
(0, 5, (0, 0, 0, 0, 1, 1, 1, 1, 0))
(0, 5, (0, 0, 0, 1, 0, 0, 0, 0, 0))
(0, 5, (0, 0, 0, 1, 0, 0, 0, 0, 1))
(0, 5, (0, 0, 0, 1, 0, 0, 0, 1, 0))
(0, 5, (0, 0, 0, 1, 0, 0, 0, 1, 1))
(0, 5, (0, 0, 0, 1, 0, 0, 1, 0, 0))
(0, 5, (0, 0, 0, 1, 0, 0, 1, 0, 1))
(0, 5, (0, 0, 0, 1, 0, 0, 1, 1, 0))
(0, 5, (0, 0, 0, 1, 0, 0, 1, 1, 1))
(0, 5, (0, 0, 0, 1, 0, 1, 0, 0, 0))
(0, 5, (0, 0, 0, 1, 0, 1, 0, 0, 1))
(0, 5, (0, 0, 0, 1, 0, 1, 0, 1, 0))
(0, 5, (0, 0, 0, 1, 0, 1, 0, 1, 1))
(0, 5, (0, 0, 0, 1, 0, 1, 1, 0, 0))
(0, 5, (0, 0, 0, 1, 0, 1, 1, 0, 1))
(0, 5, (0, 0, 0, 1, 0, 1, 1, 1, 0))
(0, 5, (0, 0, 0, 1, 0, 1, 1, 1, 1))
(0, 5, (0, 0, 0, 1, 1, 0, 0, 0, 0))
(0, 5, (0, 0, 0, 1, 1, 0, 0, 0, 1))
(0, 5, (0, 0, 0, 1, 1, 0, 0, 1, 0))
(0, 5, (0, 0, 0, 1, 1, 0, 0, 1, 1))
(0, 5, (0, 0, 0, 1, 1, 0, 1, 0, 0))
(0, 5, (0, 0, 0, 1, 1, 0, 1, 0, 1))
(0, 5, (0, 0, 0, 1, 1, 0, 1, 1, 0))
(0, 5, (0, 0, 0, 1, 1, 0, 1, 1, 1))
(0, 5, (0, 0, 0, 1, 1, 1, 0, 0, 0))
(0, 5, (0, 0, 0, 1, 1, 1, 0, 0, 1))
(0, 5, (0, 0, 0, 1, 1, 1, 0, 1, 0))
(0, 5, (0, 0, 0, 1, 1, 1, 0, 1, 1))
(0, 5, (0, 0, 0, 1, 1, 1, 1, 0, 0))
(0, 5, (0, 0, 0, 1, 1, 1, 1, 0, 1))
(0, 5, (0, 0, 1, 0, 0, 0, 0, 0, 0))
(0, 5, (0, 0, 1, 0, 0, 0, 0, 0, 1))
(0, 5, (0, 0, 1, 0, 0, 0, 0, 1, 0))
(0, 5, (0, 0, 1, 0, 0, 0, 0, 1, 1))
(0, 5, (0, 0, 1, 0, 0, 0, 1, 0, 0))
(0, 5, (0, 0, 1, 0, 0, 0, 1, 0, 1))
(0, 5, (0, 0, 1, 0, 0, 0, 1, 1, 0))
(0, 5, (0, 0, 1, 0, 0, 0, 1, 1, 1))
(0, 5, (0, 0, 1, 0, 0, 1, 0, 0, 0))
(0, 5, (0, 0, 1, 0, 0, 1, 0, 0, 1))
(0, 5, (0, 0, 1, 0, 0, 1, 0, 1, 0))
(0, 5, (0, 0, 1, 0, 0, 1, 0, 1, 1))
(0, 5, (0, 0, 1, 0, 0, 1, 1, 0, 0))
(0, 5, (0, 0, 1, 0, 0, 1, 1, 0, 1))
(0, 5, (0, 0, 1, 0, 0, 1, 1, 1, 0))
(0, 5, (0, 0, 1, 0, 0, 1, 1, 1, 1))
(0, 5, (0, 0, 1, 0, 1, 0, 0, 0, 0))
(0, 5, (0, 0, 1, 0, 1, 0, 0, 0, 1))
(0, 5, (0, 0, 1, 0, 1, 0, 0, 1, 0))
(0, 5, (0, 0, 1, 0, 1, 0, 0, 1, 1))
(0, 5, (0, 0, 1, 0, 1, 0, 1, 0, 0))
(0, 5, (0, 0, 1, 0, 1, 0, 1, 0, 1))
(0, 5, (0, 0, 1, 0, 1, 0, 1, 1, 0))
(0, 5, (0, 0, 1, 0, 1, 0, 1, 1, 1))
(0, 5, (0, 0, 1, 0, 1, 1, 0, 0, 0))
(0, 5, (0, 0, 1, 0, 1, 1, 0, 0, 1))
(0, 5, (0, 0, 1, 0, 1, 1, 0, 1, 0))
(0, 5, (0, 0, 1, 0, 1, 1, 0, 1, 1))
(0, 5, (0, 0, 1, 0, 1, 1, 1, 0, 0))
(0, 5, (0, 0, 1, 0, 1, 1, 1, 0, 1))
(0, 5, (0, 0, 1, 0, 1, 1, 1, 1, 0))
(0, 5, (0, 0, 1, 1, 0, 0, 0, 0, 0))
(0, 5, (0, 0, 1, 1, 0, 0, 0, 0, 1))
(0, 5, (0, 0, 1, 1, 0, 0, 0, 1, 0))
(0, 5, (0, 0, 1, 1, 0, 0, 0, 1, 1))
(0, 5, (0, 0, 1, 1, 0, 0, 1, 0, 0))
(0, 5, (0, 0, 1, 1, 0, 0, 1, 0, 1))
(0, 5, (0, 0, 1, 1, 0, 0, 1, 1, 0))
(0, 5, (0, 0, 1, 1, 0, 0, 1, 1, 1))
(0, 5, (0, 0, 1, 1, 0, 1, 0, 0, 0))
(0, 5, (0, 0, 1, 1, 0, 1, 0, 0, 1))
(0, 5, (0, 0, 1, 1, 0, 1, 0, 1, 0))
(0, 5, (0, 0, 1, 1, 0, 1, 0, 1, 1))
(0, 5, (0, 0, 1, 1, 0, 1, 1, 0, 0))
(0, 5, (0, 0, 1, 1, 0, 1, 1, 0, 1))
(0, 5, (0, 0, 1, 1, 0, 1, 1, 1, 0))
(0, 5, (0, 0, 1, 1, 0, 1, 1, 1, 1))
(0, 5, (0, 0, 1, 1, 1, 0, 0, 0, 0))
(0, 5, (0, 0, 1, 1, 1, 0, 0, 0, 1))
(0, 5, (0, 0, 1, 1, 1, 0, 0, 1, 0))
(0, 5, (0, 0, 1, 1, 1, 0, 0, 1, 1))
(0, 5, (0, 0, 1, 1, 1, 0, 1, 0, 0))
(0, 5, (0, 0, 1, 1, 1, 0, 1, 0, 1))
(0, 5, (0, 0, 1, 1, 1, 0, 1, 1, 0))
(0, 5, (0, 0, 1, 1, 1, 0, 1, 1, 1))
(0, 5, (0, 0, 1, 1, 1, 1, 0, 0, 0))
(0, 5, (0, 0, 1, 1, 1, 1, 0, 0, 1))
(0, 5, (0, 0, 1, 1, 1, 1, 0, 1, 0))
(0, 5, (0, 0, 1, 1, 1, 1, 0, 1, 1))
(0, 5, (0, 1, 0, 0, 0, 0, 0, 0, 0))
(0, 5, (0, 1, 0, 0, 0, 0, 0, 0, 1))
(0, 5, (0, 1, 0, 0, 0, 0, 0, 1, 0))
(0, 5, (0, 1, 0, 0, 0, 0, 0, 1, 1))
(0, 5, (0, 1, 0, 0, 0, 0, 1, 0, 0))
(0, 5, (0, 1, 0, 0, 0, 0, 1, 0, 1))
(0, 5, (0, 1, 0, 0, 0, 0, 1, 1, 0))
(0, 5, (0, 1, 0, 0, 0, 0, 1, 1, 1))
(0, 5, (0, 1, 0, 0, 0, 1, 0, 0, 0))
(0, 5, (0, 1, 0, 0, 0, 1, 0, 0, 1))
(0, 5, (0, 1, 0, 0, 0, 1, 0, 1, 0))
(0, 5, (0, 1, 0, 0, 0, 1, 0, 1, 1))
(0, 5, (0, 1, 0, 0, 0, 1, 1, 0, 0))
(0, 5, (0, 1, 0, 0, 0, 1, 1, 0, 1))
(0, 5, (0, 1, 0, 0, 0, 1, 1, 1, 0))
(0, 5, (0, 1, 0, 0, 0, 1, 1, 1, 1))
(0, 5, (0, 1, 0, 0, 1, 0, 0, 0, 0))
(0, 5, (0, 1, 0, 0, 1, 0, 0, 0, 1))
(0, 5, (0, 1, 0, 0, 1, 0, 0, 1, 0))
(0, 5, (0, 1, 0, 0, 1, 0, 0, 1, 1))
(0, 5, (0, 1, 0, 0, 1, 0, 1, 0, 0))
(0, 5, (0, 1, 0, 0, 1, 0, 1, 0, 1))
(0, 5, (0, 1, 0, 0, 1, 0, 1, 1, 0))
(0, 5, (0, 1, 0, 0, 1, 0, 1, 1, 1))
(0, 5, (0, 1, 0, 0, 1, 1, 0, 0, 0))
(0, 5, (0, 1, 0, 0, 1, 1, 0, 0, 1))
(0, 5, (0, 1, 0, 0, 1, 1, 0, 1, 0))
(0, 5, (0, 1, 0, 0, 1, 1, 0, 1, 1))
(0, 5, (0, 1, 0, 0, 1, 1, 1, 0, 0))
(0, 5, (0, 1, 0, 0, 1, 1, 1, 0, 1))
(0, 5, (0, 1, 0, 0, 1, 1, 1, 1, 0))
(0, 5, (0, 1, 0, 1, 0, 0, 0, 0, 0))
(0, 5, (0, 1, 0, 1, 0, 0, 0, 0, 1))
(0, 5, (0, 1, 0, 1, 0, 0, 0, 1, 0))
(0, 5, (0, 1, 0, 1, 0, 0, 0, 1, 1))
(0, 5, (0, 1, 0, 1, 0, 0, 1, 0, 0))
(0, 5, (0, 1, 0, 1, 0, 0, 1, 0, 1))
(0, 5, (0, 1, 0, 1, 0, 0, 1, 1, 0))
(0, 5, (0, 1, 0, 1, 0, 0, 1, 1, 1))
(0, 5, (0, 1, 0, 1, 0, 1, 0, 0, 0))
(0, 5, (0, 1, 0, 1, 0, 1, 0, 0, 1))
(0, 5, (0, 1, 0, 1, 0, 1, 0, 1, 0))
(0, 5, (0, 1, 0, 1, 0, 1, 0, 1, 1))
(0, 5, (0, 1, 0, 1, 0, 1, 1, 0, 0))
(0, 5, (0, 1, 0, 1, 0, 1, 1, 0, 1))
(0, 5, (0, 1, 0, 1, 0, 1, 1, 1, 0))
(0, 5, (0, 1, 0, 1, 0, 1, 1, 1, 1))
(0, 5, (0, 1, 0, 1, 1, 0, 0, 0, 0))
(0, 5, (0, 1, 0, 1, 1, 0, 0, 0, 1))
(0, 5, (0, 1, 0, 1, 1, 0, 0, 1, 0))
(0, 5, (0, 1, 0, 1, 1, 0, 0, 1, 1))
(0, 5, (0, 1, 0, 1, 1, 0, 1, 0, 0))
(0, 5, (0, 1, 0, 1, 1, 0, 1, 0, 1))
(0, 5, (0, 1, 0, 1, 1, 0, 1, 1, 0))
(0, 5, (0, 1, 0, 1, 1, 0, 1, 1, 1))
(0, 5, (0, 1, 0, 1, 1, 1, 0, 0, 0))
(0, 5, (0, 1, 0, 1, 1, 1, 0, 0, 1))
(0, 5, (0, 1, 0, 1, 1, 1, 0, 1, 0))
(0, 5, (0, 1, 0, 1, 1, 1, 0, 1, 1))
(0, 5, (0, 1, 0, 1, 1, 1, 1, 0, 0))
(0, 5, (0, 1, 0, 1, 1, 1, 1, 0, 1))
(0, 5, (0, 1, 1, 0, 0, 0, 0, 0, 0))
(0, 5, (0, 1, 1, 0, 0, 0, 0, 0, 1))
(0, 5, (0, 1, 1, 0, 0, 0, 0, 1, 0))
(0, 5, (0, 1, 1, 0, 0, 0, 0, 1, 1))
(0, 5, (0, 1, 1, 0, 0, 0, 1, 0, 0))
(0, 5, (0, 1, 1, 0, 0, 0, 1, 0, 1))
(0, 5, (0, 1, 1, 0, 0, 0, 1, 1, 0))
(0, 5, (0, 1, 1, 0, 0, 0, 1, 1, 1))
(0, 5, (0, 1, 1, 0, 0, 1, 0, 0, 0))
(0, 5, (0, 1, 1, 0, 0, 1, 0, 0, 1))
(0, 5, (0, 1, 1, 0, 0, 1, 0, 1, 0))
(0, 5, (0, 1, 1, 0, 0, 1, 0, 1, 1))
(0, 5, (0, 1, 1, 0, 0, 1, 1, 0, 0))
(0, 5, (0, 1, 1, 0, 0, 1, 1, 0, 1))
(0, 5, (0, 1, 1, 0, 0, 1, 1, 1, 0))
(0, 5, (0, 1, 1, 0, 0, 1, 1, 1, 1))
(0, 5, (0, 1, 1, 0, 1, 0, 0, 0, 0))
(0, 5, (0, 1, 1, 0, 1, 0, 0, 0, 1))
(0, 5, (0, 1, 1, 0, 1, 0, 0, 1, 0))
(0, 5, (0, 1, 1, 0, 1, 0, 0, 1, 1))
(0, 5, (0, 1, 1, 0, 1, 0, 1, 0, 0))
(0, 5, (0, 1, 1, 0, 1, 0, 1, 0, 1))
(0, 5, (0, 1, 1, 0, 1, 0, 1, 1, 0))
(0, 5, (0, 1, 1, 0, 1, 0, 1, 1, 1))
(0, 5, (0, 1, 1, 0, 1, 1, 0, 0, 0))
(0, 5, (0, 1, 1, 0, 1, 1, 0, 0, 1))
(0, 5, (0, 1, 1, 0, 1, 1, 0, 1, 0))
(0, 5, (0, 1, 1, 0, 1, 1, 0, 1, 1))
(0, 5, (0, 1, 1, 0, 1, 1, 1, 0, 0))
(0, 5, (0, 1, 1, 0, 1, 1, 1, 0, 1))
(0, 5, (0, 1, 1, 0, 1, 1, 1, 1, 0))
(0, 5, (0, 1, 1, 1, 0, 0, 0, 0, 0))
(0, 5, (0, 1, 1, 1, 0, 0, 0, 0, 1))
(0, 5, (0, 1, 1, 1, 0, 0, 0, 1, 0))
(0, 5, (0, 1, 1, 1, 0, 0, 0, 1, 1))
(0, 5, (0, 1, 1, 1, 0, 0, 1, 0, 0))
(0, 5, (0, 1, 1, 1, 0, 0, 1, 0, 1))
(0, 5, (0, 1, 1, 1, 0, 0, 1, 1, 0))
(0, 5, (0, 1, 1, 1, 0, 0, 1, 1, 1))
(0, 5, (0, 1, 1, 1, 0, 1, 0, 0, 0))
(0, 5, (0, 1, 1, 1, 0, 1, 0, 0, 1))
(0, 5, (0, 1, 1, 1, 0, 1, 0, 1, 0))
(0, 5, (0, 1, 1, 1, 0, 1, 0, 1, 1))
(0, 5, (0, 1, 1, 1, 0, 1, 1, 0, 0))
(0, 5, (0, 1, 1, 1, 0, 1, 1, 0, 1))
(0, 5, (0, 1, 1, 1, 0, 1, 1, 1, 0))
(0, 5, (0, 1, 1, 1, 0, 1, 1, 1, 1))
(0, 5, (0, 1, 1, 1, 1, 0, 0, 0, 0))
(0, 5, (0, 1, 1, 1, 1, 0, 0, 0, 1))
(0, 5, (0, 1, 1, 1, 1, 0, 0, 1, 0))
(0, 5, (0, 1, 1, 1, 1, 0, 0, 1, 1))
(0, 5, (0, 1, 1, 1, 1, 0, 1, 0, 0))
(0, 5, (0, 1, 1, 1, 1, 0, 1, 0, 1))
(0, 5, (0, 1, 1, 1, 1, 0, 1, 1, 0))
(0, 5, (0, 1, 1, 1, 1, 0, 1, 1, 1))
(10, 14, ())
(11, 14, ())
(12, 14, ())
(13, 14, ())
(14, 14, ())
(10, 14, ())
(10, 13, (0,))
(11, 13, (0,))
(12, 13, (0,))
(13, 13, (0,))
(9, 12, (0, 0))
(10, 12, (0, 0))
(10, 12, (0, 1))
(11, 12, (0, 0))
(11, 12, (0, 1))
(12, 12, (0, 0))
(12, 12, (0, 1))
(8, 11, (0, 0, 0))
(8, 11, (0, 0, 1))
(9, 11, (0, 0, 0))
(9, 11, (0, 0, 1))
(9, 11, (0, 1, 0))
(10, 11, (0, 0, 0))
(10, 11, (0, 0, 1))
(10, 11, (0, 1, 0))
(10, 11, (0, 1, 1))
(11, 11, (0, 0, 0))
(11, 11, (0, 0, 1))
(11, 11, (0, 1, 0))
(11, 11, (0, 1, 1))
(7, 10, (0, 0, 0, 0))
(7, 10, (0, 0, 0, 1))
(7, 10, (0, 0, 1, 0))
(7, 10, (0, 0, 1, 1))
(8, 10, (0, 0, 0, 0))
(8, 10, (0, 0, 0, 1))
(8, 10, (0, 0, 1, 0))
(8, 10, (0, 0, 1, 1))
(8, 10, (0, 1, 0, 0))
(8, 10, (0, 1, 0, 1))
(9, 10, (0, 0, 0, 0))
(9, 10, (0, 0, 0, 1))
(9, 10, (0, 0, 1, 0))
(9, 10, (0, 0, 1, 1))
(9, 10, (0, 1, 0, 0))
(9, 10, (0, 1, 0, 1))
(9, 10, (0, 1, 1, 0))
(10, 10, (0, 0, 0, 0))
(10, 10, (0, 0, 0, 1))
(10, 10, (0, 0, 1, 0))
(10, 10, (0, 0, 1, 1))
(10, 10, (0, 1, 0, 0))
(10, 10, (0, 1, 0, 1))
(10, 10, (0, 1, 1, 0))
(10, 10, (0, 1, 1, 1))
(6, 9, (0, 0, 0, 0, 0))
(6, 9, (0, 0, 0, 0, 1))
(6, 9, (0, 0, 0, 1, 0))
(6, 9, (0, 0, 0, 1, 1))
(6, 9, (0, 0, 1, 0, 0))
(6, 9, (0, 0, 1, 0, 1))
(6, 9, (0, 0, 1, 1, 0))
(6, 9, (0, 0, 1, 1, 1))
(7, 9, (0, 0, 0, 0, 0))
(7, 9, (0, 0, 0, 0, 1))
(7, 9, (0, 0, 0, 1, 0))
(7, 9, (0, 0, 0, 1, 1))
(7, 9, (0, 0, 1, 0, 0))
(7, 9, (0, 0, 1, 0, 1))
(7, 9, (0, 0, 1, 1, 0))
(7, 9, (0, 0, 1, 1, 1))
(7, 9, (0, 1, 0, 0, 0))
(7, 9, (0, 1, 0, 0, 1))
(7, 9, (0, 1, 0, 1, 0))
(7, 9, (0, 1, 0, 1, 1))
(8, 9, (0, 0, 0, 0, 0))
(8, 9, (0, 0, 0, 0, 1))
(8, 9, (0, 0, 0, 1, 0))
(8, 9, (0, 0, 0, 1, 1))
(8, 9, (0, 0, 1, 0, 0))
(8, 9, (0, 0, 1, 0, 1))
(8, 9, (0, 0, 1, 1, 0))
(8, 9, (0, 0, 1, 1, 1))
(8, 9, (0, 1, 0, 0, 0))
(8, 9, (0, 1, 0, 0, 1))
(8, 9, (0, 1, 0, 1, 0))
(8, 9, (0, 1, 0, 1, 1))
(8, 9, (0, 1, 1, 0, 0))
(8, 9, (0, 1, 1, 0, 1))
(9, 9, (0, 0, 0, 0, 0))
(9, 9, (0, 0, 0, 0, 1))
(9, 9, (0, 0, 0, 1, 0))
(9, 9, (0, 0, 0, 1, 1))
(9, 9, (0, 0, 1, 0, 0))
(9, 9, (0, 0, 1, 0, 1))
(9, 9, (0, 0, 1, 1, 0))
(9, 9, (0, 0, 1, 1, 1))
(9, 9, (0, 1, 0, 0, 0))
(9, 9, (0, 1, 0, 0, 1))
(9, 9, (0, 1, 0, 1, 0))
(9, 9, (0, 1, 0, 1, 1))
(9, 9, (0, 1, 1, 0, 0))
(9, 9, (0, 1, 1, 0, 1))
(9, 9, (0, 1, 1, 1, 0))
(5, 8, (0, 0, 0, 0, 0, 0))
(5, 8, (0, 0, 0, 0, 0, 1))
(5, 8, (0, 0, 0, 0, 1, 0))
(5, 8, (0, 0, 0, 0, 1, 1))
(5, 8, (0, 0, 0, 1, 0, 0))
(5, 8, (0, 0, 0, 1, 0, 1))
(5, 8, (0, 0, 0, 1, 1, 0))
(5, 8, (0, 0, 0, 1, 1, 1))
(5, 8, (0, 0, 1, 0, 0, 0))
(5, 8, (0, 0, 1, 0, 0, 1))
(5, 8, (0, 0, 1, 0, 1, 0))
(5, 8, (0, 0, 1, 0, 1, 1))
(5, 8, (0, 0, 1, 1, 0, 0))
(5, 8, (0, 0, 1, 1, 0, 1))
(5, 8, (0, 0, 1, 1, 1, 0))
(6, 8, (0, 0, 0, 0, 0, 0))
(6, 8, (0, 0, 0, 0, 0, 1))
(6, 8, (0, 0, 0, 0, 1, 0))
(6, 8, (0, 0, 0, 0, 1, 1))
(6, 8, (0, 0, 0, 1, 0, 0))
(6, 8, (0, 0, 0, 1, 0, 1))
(6, 8, (0, 0, 0, 1, 1, 0))
(6, 8, (0, 0, 0, 1, 1, 1))
(6, 8, (0, 0, 1, 0, 0, 0))
(6, 8, (0, 0, 1, 0, 0, 1))
(6, 8, (0, 0, 1, 0, 1, 0))
(6, 8, (0, 0, 1, 0, 1, 1))
(6, 8, (0, 0, 1, 1, 0, 0))
(6, 8, (0, 0, 1, 1, 0, 1))
(6, 8, (0, 0, 1, 1, 1, 0))
(6, 8, (0, 1, 0, 0, 0, 0))
(6, 8, (0, 1, 0, 0, 0, 1))
(6, 8, (0, 1, 0, 0, 1, 0))
(6, 8, (0, 1, 0, 0, 1, 1))
(6, 8, (0, 1, 0, 1, 0, 0))
(6, 8, (0, 1, 0, 1, 0, 1))
(6, 8, (0, 1, 0, 1, 1, 0))
(7, 8, (0, 0, 0, 0, 0, 0))
(7, 8, (0, 0, 0, 0, 0, 1))
(7, 8, (0, 0, 0, 0, 1, 0))
(7, 8, (0, 0, 0, 0, 1, 1))
(7, 8, (0, 0, 0, 1, 0, 0))
(7, 8, (0, 0, 0, 1, 0, 1))
(7, 8, (0, 0, 0, 1, 1, 0))
(7, 8, (0, 0, 0, 1, 1, 1))
(7, 8, (0, 0, 1, 0, 0, 0))
(7, 8, (0, 0, 1, 0, 0, 1))
(7, 8, (0, 0, 1, 0, 1, 0))
(7, 8, (0, 0, 1, 0, 1, 1))
(7, 8, (0, 0, 1, 1, 0, 0))
(7, 8, (0, 0, 1, 1, 0, 1))
(7, 8, (0, 0, 1, 1, 1, 0))
(7, 8, (0, 1, 0, 0, 0, 0))
(7, 8, (0, 1, 0, 0, 0, 1))
(7, 8, (0, 1, 0, 0, 1, 0))
(7, 8, (0, 1, 0, 0, 1, 1))
(7, 8, (0, 1, 0, 1, 0, 0))
(7, 8, (0, 1, 0, 1, 0, 1))
(7, 8, (0, 1, 0, 1, 1, 0))
(7, 8, (0, 1, 1, 0, 0, 0))
(7, 8, (0, 1, 1, 0, 0, 1))
(7, 8, (0, 1, 1, 0, 1, 0))
(8, 8, (0, 0, 0, 0, 0, 0))
(8, 8, (0, 0, 0, 0, 0, 1))
(8, 8, (0, 0, 0, 0, 1, 0))
(8, 8, (0, 0, 0, 0, 1, 1))
(8, 8, (0, 0, 0, 1, 0, 0))
(8, 8, (0, 0, 0, 1, 0, 1))
(8, 8, (0, 0, 0, 1, 1, 0))
(8, 8, (0, 0, 0, 1, 1, 1))
(8, 8, (0, 0, 1, 0, 0, 0))
(8, 8, (0, 0, 1, 0, 0, 1))
(8, 8, (0, 0, 1, 0, 1, 0))
(8, 8, (0, 0, 1, 0, 1, 1))
(8, 8, (0, 0, 1, 1, 0, 0))
(8, 8, (0, 0, 1, 1, 0, 1))
(8, 8, (0, 0, 1, 1, 1, 0))
(8, 8, (0, 1, 0, 0, 0, 0))
(8, 8, (0, 1, 0, 0, 0, 1))
(8, 8, (0, 1, 0, 0, 1, 0))
(8, 8, (0, 1, 0, 0, 1, 1))
(8, 8, (0, 1, 0, 1, 0, 0))
(8, 8, (0, 1, 0, 1, 0, 1))
(8, 8, (0, 1, 0, 1, 1, 0))
(8, 8, (0, 1, 1, 0, 0, 0))
(8, 8, (0, 1, 1, 0, 0, 1))
(8, 8, (0, 1, 1, 0, 1, 0))
(8, 8, (0, 1, 1, 1, 0, 0))
(4, 7, (0, 0, 0, 0, 0, 0, 0))
(4, 7, (0, 0, 0, 0, 0, 0, 1))
(4, 7, (0, 0, 0, 0, 0, 1, 0))
(4, 7, (0, 0, 0, 0, 0, 1, 1))
(4, 7, (0, 0, 0, 0, 1, 0, 0))
(4, 7, (0, 0, 0, 0, 1, 0, 1))
(4, 7, (0, 0, 0, 0, 1, 1, 0))
(4, 7, (0, 0, 0, 0, 1, 1, 1))
(4, 7, (0, 0, 0, 1, 0, 0, 0))
(4, 7, (0, 0, 0, 1, 0, 0, 1))
(4, 7, (0, 0, 0, 1, 0, 1, 0))
(4, 7, (0, 0, 0, 1, 0, 1, 1))
(4, 7, (0, 0, 0, 1, 1, 0, 0))
(4, 7, (0, 0, 0, 1, 1, 0, 1))
(4, 7, (0, 0, 0, 1, 1, 1, 0))
(4, 7, (0, 0, 1, 0, 0, 0, 0))
(4, 7, (0, 0, 1, 0, 0, 0, 1))
(4, 7, (0, 0, 1, 0, 0, 1, 0))
(4, 7, (0, 0, 1, 0, 0, 1, 1))
(4, 7, (0, 0, 1, 0, 1, 0, 0))
(4, 7, (0, 0, 1, 0, 1, 0, 1))
(4, 7, (0, 0, 1, 0, 1, 1, 0))
(4, 7, (0, 0, 1, 1, 0, 0, 0))
(4, 7, (0, 0, 1, 1, 0, 0, 1))
(4, 7, (0, 0, 1, 1, 0, 1, 0))
(4, 7, (0, 0, 1, 1, 1, 0, 0))
(5, 7, (0, 0, 0, 0, 0, 0, 0))
(5, 7, (0, 0, 0, 0, 0, 0, 1))
(5, 7, (0, 0, 0, 0, 0, 1, 0))
(5, 7, (0, 0, 0, 0, 0, 1, 1))
(5, 7, (0, 0, 0, 0, 1, 0, 0))
(5, 7, (0, 0, 0, 0, 1, 0, 1))
(5, 7, (0, 0, 0, 0, 1, 1, 0))
(5, 7, (0, 0, 0, 0, 1, 1, 1))
(5, 7, (0, 0, 0, 1, 0, 0, 0))
(5, 7, (0, 0, 0, 1, 0, 0, 1))
(5, 7, (0, 0, 0, 1, 0, 1, 0))
(5, 7, (0, 0, 0, 1, 0, 1, 1))
(5, 7, (0, 0, 0, 1, 1, 0, 0))
(5, 7, (0, 0, 0, 1, 1, 0, 1))
(5, 7, (0, 0, 0, 1, 1, 1, 0))
(5, 7, (0, 0, 1, 0, 0, 0, 0))
(5, 7, (0, 0, 1, 0, 0, 0, 1))
(5, 7, (0, 0, 1, 0, 0, 1, 0))
(5, 7, (0, 0, 1, 0, 0, 1, 1))
(5, 7, (0, 0, 1, 0, 1, 0, 0))
(5, 7, (0, 0, 1, 0, 1, 0, 1))
(5, 7, (0, 0, 1, 0, 1, 1, 0))
(5, 7, (0, 0, 1, 1, 0, 0, 0))
(5, 7, (0, 0, 1, 1, 0, 0, 1))
(5, 7, (0, 0, 1, 1, 0, 1, 0))
(5, 7, (0, 0, 1, 1, 1, 0, 0))
(5, 7, (0, 1, 0, 0, 0, 0, 0))
(5, 7, (0, 1, 0, 0, 0, 0, 1))
(5, 7, (0, 1, 0, 0, 0, 1, 0))
(5, 7, (0, 1, 0, 0, 0, 1, 1))
(5, 7, (0, 1, 0, 0, 1, 0, 0))
(5, 7, (0, 1, 0, 0, 1, 0, 1))
(5, 7, (0, 1, 0, 0, 1, 1, 0))
(5, 7, (0, 1, 0, 0, 1, 1, 1))
(5, 7, (0, 1, 0, 1, 0, 0, 0))
(5, 7, (0, 1, 0, 1, 0, 0, 1))
(5, 7, (0, 1, 0, 1, 0, 1, 0))
(5, 7, (0, 1, 0, 1, 0, 1, 1))
(5, 7, (0, 1, 0, 1, 1, 0, 0))
(5, 7, (0, 1, 0, 1, 1, 0, 1))
(6, 7, (0, 0, 0, 0, 0, 0, 0))
(6, 7, (0, 0, 0, 0, 0, 0, 1))
(6, 7, (0, 0, 0, 0, 0, 1, 0))
(6, 7, (0, 0, 0, 0, 0, 1, 1))
(6, 7, (0, 0, 0, 0, 1, 0, 0))
(6, 7, (0, 0, 0, 0, 1, 0, 1))
(6, 7, (0, 0, 0, 0, 1, 1, 0))
(6, 7, (0, 0, 0, 0, 1, 1, 1))
(6, 7, (0, 0, 0, 1, 0, 0, 0))
(6, 7, (0, 0, 0, 1, 0, 0, 1))
(6, 7, (0, 0, 0, 1, 0, 1, 0))
(6, 7, (0, 0, 0, 1, 0, 1, 1))
(6, 7, (0, 0, 0, 1, 1, 0, 0))
(6, 7, (0, 0, 0, 1, 1, 0, 1))
(6, 7, (0, 0, 0, 1, 1, 1, 0))
(6, 7, (0, 0, 1, 0, 0, 0, 0))
(6, 7, (0, 0, 1, 0, 0, 0, 1))
(6, 7, (0, 0, 1, 0, 0, 1, 0))
(6, 7, (0, 0, 1, 0, 0, 1, 1))
(6, 7, (0, 0, 1, 0, 1, 0, 0))
(6, 7, (0, 0, 1, 0, 1, 0, 1))
(6, 7, (0, 0, 1, 0, 1, 1, 0))
(6, 7, (0, 0, 1, 1, 0, 0, 0))
(6, 7, (0, 0, 1, 1, 0, 0, 1))
(6, 7, (0, 0, 1, 1, 0, 1, 0))
(6, 7, (0, 0, 1, 1, 1, 0, 0))
(6, 7, (0, 1, 0, 0, 0, 0, 0))
(6, 7, (0, 1, 0, 0, 0, 0, 1))
(6, 7, (0, 1, 0, 0, 0, 1, 0))
(6, 7, (0, 1, 0, 0, 0, 1, 1))
(6, 7, (0, 1, 0, 0, 1, 0, 0))
(6, 7, (0, 1, 0, 0, 1, 0, 1))
(6, 7, (0, 1, 0, 0, 1, 1, 0))
(6, 7, (0, 1, 0, 0, 1, 1, 1))
(6, 7, (0, 1, 0, 1, 0, 0, 0))
(6, 7, (0, 1, 0, 1, 0, 0, 1))
(6, 7, (0, 1, 0, 1, 0, 1, 0))
(6, 7, (0, 1, 0, 1, 0, 1, 1))
(6, 7, (0, 1, 0, 1, 1, 0, 0))
(6, 7, (0, 1, 0, 1, 1, 0, 1))
(6, 7, (0, 1, 1, 0, 0, 0, 0))
(6, 7, (0, 1, 1, 0, 0, 0, 1))
(6, 7, (0, 1, 1, 0, 0, 1, 0))
(6, 7, (0, 1, 1, 0, 0, 1, 1))
(6, 7, (0, 1, 1, 0, 1, 0, 0))
(6, 7, (0, 1, 1, 0, 1, 0, 1))
(7, 7, (0, 0, 0, 0, 0, 0, 0))
(7, 7, (0, 0, 0, 0, 0, 0, 1))
(7, 7, (0, 0, 0, 0, 0, 1, 0))
(7, 7, (0, 0, 0, 0, 0, 1, 1))
(7, 7, (0, 0, 0, 0, 1, 0, 0))
(7, 7, (0, 0, 0, 0, 1, 0, 1))
(7, 7, (0, 0, 0, 0, 1, 1, 0))
(7, 7, (0, 0, 0, 0, 1, 1, 1))
(7, 7, (0, 0, 0, 1, 0, 0, 0))
(7, 7, (0, 0, 0, 1, 0, 0, 1))
(7, 7, (0, 0, 0, 1, 0, 1, 0))
(7, 7, (0, 0, 0, 1, 0, 1, 1))
(7, 7, (0, 0, 0, 1, 1, 0, 0))
(7, 7, (0, 0, 0, 1, 1, 0, 1))
(7, 7, (0, 0, 0, 1, 1, 1, 0))
(7, 7, (0, 0, 1, 0, 0, 0, 0))
(7, 7, (0, 0, 1, 0, 0, 0, 1))
(7, 7, (0, 0, 1, 0, 0, 1, 0))
(7, 7, (0, 0, 1, 0, 0, 1, 1))
(7, 7, (0, 0, 1, 0, 1, 0, 0))
(7, 7, (0, 0, 1, 0, 1, 0, 1))
(7, 7, (0, 0, 1, 0, 1, 1, 0))
(7, 7, (0, 0, 1, 1, 0, 0, 0))
(7, 7, (0, 0, 1, 1, 0, 0, 1))
(7, 7, (0, 0, 1, 1, 0, 1, 0))
(7, 7, (0, 0, 1, 1, 1, 0, 0))
(7, 7, (0, 1, 0, 0, 0, 0, 0))
(7, 7, (0, 1, 0, 0, 0, 0, 1))
(7, 7, (0, 1, 0, 0, 0, 1, 0))
(7, 7, (0, 1, 0, 0, 0, 1, 1))
(7, 7, (0, 1, 0, 0, 1, 0, 0))
(7, 7, (0, 1, 0, 0, 1, 0, 1))
(7, 7, (0, 1, 0, 0, 1, 1, 0))
(7, 7, (0, 1, 0, 0, 1, 1, 1))
(7, 7, (0, 1, 0, 1, 0, 0, 0))
(7, 7, (0, 1, 0, 1, 0, 0, 1))
(7, 7, (0, 1, 0, 1, 0, 1, 0))
(7, 7, (0, 1, 0, 1, 0, 1, 1))
(7, 7, (0, 1, 0, 1, 1, 0, 0))
(7, 7, (0, 1, 0, 1, 1, 0, 1))
(7, 7, (0, 1, 1, 0, 0, 0, 0))
(7, 7, (0, 1, 1, 0, 0, 0, 1))
(7, 7, (0, 1, 1, 0, 0, 1, 0))
(7, 7, (0, 1, 1, 0, 0, 1, 1))
(7, 7, (0, 1, 1, 0, 1, 0, 0))
(7, 7, (0, 1, 1, 0, 1, 0, 1))
(7, 7, (0, 1, 1, 1, 0, 0, 0))
(7, 7, (0, 1, 1, 1, 0, 0, 1))
(3, 6, (0, 0, 0, 0, 0, 0, 0, 0))
(3, 6, (0, 0, 0, 0, 0, 0, 0, 1))
(3, 6, (0, 0, 0, 0, 0, 0, 1, 0))
(3, 6, (0, 0, 0, 0, 0, 0, 1, 1))
(3, 6, (0, 0, 0, 0, 0, 1, 0, 0))
(3, 6, (0, 0, 0, 0, 0, 1, 0, 1))
(3, 6, (0, 0, 0, 0, 0, 1, 1, 0))
(3, 6, (0, 0, 0, 0, 0, 1, 1, 1))
(3, 6, (0, 0, 0, 0, 1, 0, 0, 0))
(3, 6, (0, 0, 0, 0, 1, 0, 0, 1))
(3, 6, (0, 0, 0, 0, 1, 0, 1, 0))
(3, 6, (0, 0, 0, 0, 1, 0, 1, 1))
(3, 6, (0, 0, 0, 0, 1, 1, 0, 0))
(3, 6, (0, 0, 0, 0, 1, 1, 0, 1))
(3, 6, (0, 0, 0, 0, 1, 1, 1, 0))
(3, 6, (0, 0, 0, 1, 0, 0, 0, 0))
(3, 6, (0, 0, 0, 1, 0, 0, 0, 1))
(3, 6, (0, 0, 0, 1, 0, 0, 1, 0))
(3, 6, (0, 0, 0, 1, 0, 0, 1, 1))
(3, 6, (0, 0, 0, 1, 0, 1, 0, 0))
(3, 6, (0, 0, 0, 1, 0, 1, 0, 1))
(3, 6, (0, 0, 0, 1, 0, 1, 1, 0))
(3, 6, (0, 0, 0, 1, 1, 0, 0, 0))
(3, 6, (0, 0, 0, 1, 1, 0, 0, 1))
(3, 6, (0, 0, 0, 1, 1, 0, 1, 0))
(3, 6, (0, 0, 0, 1, 1, 1, 0, 0))
(3, 6, (0, 0, 1, 0, 0, 0, 0, 0))
(3, 6, (0, 0, 1, 0, 0, 0, 0, 1))
(3, 6, (0, 0, 1, 0, 0, 0, 1, 0))
(3, 6, (0, 0, 1, 0, 0, 0, 1, 1))
(3, 6, (0, 0, 1, 0, 0, 1, 0, 0))
(3, 6, (0, 0, 1, 0, 0, 1, 0, 1))
(3, 6, (0, 0, 1, 0, 0, 1, 1, 0))
(3, 6, (0, 0, 1, 0, 0, 1, 1, 1))
(3, 6, (0, 0, 1, 0, 1, 0, 0, 0))
(3, 6, (0, 0, 1, 0, 1, 0, 0, 1))
(3, 6, (0, 0, 1, 0, 1, 0, 1, 0))
(3, 6, (0, 0, 1, 0, 1, 0, 1, 1))
(3, 6, (0, 0, 1, 0, 1, 1, 0, 0))
(3, 6, (0, 0, 1, 0, 1, 1, 0, 1))
(3, 6, (0, 0, 1, 1, 0, 0, 0, 0))
(3, 6, (0, 0, 1, 1, 0, 0, 0, 1))
(3, 6, (0, 0, 1, 1, 0, 0, 1, 0))
(3, 6, (0, 0, 1, 1, 0, 0, 1, 1))
(3, 6, (0, 0, 1, 1, 0, 1, 0, 0))
(3, 6, (0, 0, 1, 1, 0, 1, 0, 1))
(3, 6, (0, 0, 1, 1, 1, 0, 0, 0))
(3, 6, (0, 0, 1, 1, 1, 0, 0, 1))
(4, 6, (0, 0, 0, 0, 0, 0, 0, 0))
(4, 6, (0, 0, 0, 0, 0, 0, 0, 1))
(4, 6, (0, 0, 0, 0, 0, 0, 1, 0))
(4, 6, (0, 0, 0, 0, 0, 0, 1, 1))
(4, 6, (0, 0, 0, 0, 0, 1, 0, 0))
(4, 6, (0, 0, 0, 0, 0, 1, 0, 1))
(4, 6, (0, 0, 0, 0, 0, 1, 1, 0))
(4, 6, (0, 0, 0, 0, 0, 1, 1, 1))
(4, 6, (0, 0, 0, 0, 1, 0, 0, 0))
(4, 6, (0, 0, 0, 0, 1, 0, 0, 1))
(4, 6, (0, 0, 0, 0, 1, 0, 1, 0))
(4, 6, (0, 0, 0, 0, 1, 0, 1, 1))
(4, 6, (0, 0, 0, 0, 1, 1, 0, 0))
(4, 6, (0, 0, 0, 0, 1, 1, 0, 1))
(4, 6, (0, 0, 0, 0, 1, 1, 1, 0))
(4, 6, (0, 0, 0, 1, 0, 0, 0, 0))
(4, 6, (0, 0, 0, 1, 0, 0, 0, 1))
(4, 6, (0, 0, 0, 1, 0, 0, 1, 0))
(4, 6, (0, 0, 0, 1, 0, 0, 1, 1))
(4, 6, (0, 0, 0, 1, 0, 1, 0, 0))
(4, 6, (0, 0, 0, 1, 0, 1, 0, 1))
(4, 6, (0, 0, 0, 1, 0, 1, 1, 0))
(4, 6, (0, 0, 0, 1, 1, 0, 0, 0))
(4, 6, (0, 0, 0, 1, 1, 0, 0, 1))
(4, 6, (0, 0, 0, 1, 1, 0, 1, 0))
(4, 6, (0, 0, 0, 1, 1, 1, 0, 0))
(4, 6, (0, 0, 1, 0, 0, 0, 0, 0))
(4, 6, (0, 0, 1, 0, 0, 0, 0, 1))
(4, 6, (0, 0, 1, 0, 0, 0, 1, 0))
(4, 6, (0, 0, 1, 0, 0, 0, 1, 1))
(4, 6, (0, 0, 1, 0, 0, 1, 0, 0))
(4, 6, (0, 0, 1, 0, 0, 1, 0, 1))
(4, 6, (0, 0, 1, 0, 0, 1, 1, 0))
(4, 6, (0, 0, 1, 0, 0, 1, 1, 1))
(4, 6, (0, 0, 1, 0, 1, 0, 0, 0))
(4, 6, (0, 0, 1, 0, 1, 0, 0, 1))
(4, 6, (0, 0, 1, 0, 1, 0, 1, 0))
(4, 6, (0, 0, 1, 0, 1, 0, 1, 1))
(4, 6, (0, 0, 1, 0, 1, 1, 0, 0))
(4, 6, (0, 0, 1, 0, 1, 1, 0, 1))
(4, 6, (0, 0, 1, 1, 0, 0, 0, 0))
(4, 6, (0, 0, 1, 1, 0, 0, 0, 1))
(4, 6, (0, 0, 1, 1, 0, 0, 1, 0))
(4, 6, (0, 0, 1, 1, 0, 0, 1, 1))
(4, 6, (0, 0, 1, 1, 0, 1, 0, 0))
(4, 6, (0, 0, 1, 1, 0, 1, 0, 1))
(4, 6, (0, 0, 1, 1, 1, 0, 0, 0))
(4, 6, (0, 0, 1, 1, 1, 0, 0, 1))
(4, 6, (0, 1, 0, 0, 0, 0, 0, 0))
(4, 6, (0, 1, 0, 0, 0, 0, 0, 1))
(4, 6, (0, 1, 0, 0, 0, 0, 1, 0))
(4, 6, (0, 1, 0, 0, 0, 0, 1, 1))
(4, 6, (0, 1, 0, 0, 0, 1, 0, 0))
(4, 6, (0, 1, 0, 0, 0, 1, 0, 1))
(4, 6, (0, 1, 0, 0, 0, 1, 1, 0))
(4, 6, (0, 1, 0, 0, 0, 1, 1, 1))
(4, 6, (0, 1, 0, 0, 1, 0, 0, 0))
(4, 6, (0, 1, 0, 0, 1, 0, 0, 1))
(4, 6, (0, 1, 0, 0, 1, 0, 1, 0))
(4, 6, (0, 1, 0, 0, 1, 0, 1, 1))
(4, 6, (0, 1, 0, 0, 1, 1, 0, 0))
(4, 6, (0, 1, 0, 0, 1, 1, 0, 1))
(4, 6, (0, 1, 0, 0, 1, 1, 1, 0))
(4, 6, (0, 1, 0, 1, 0, 0, 0, 0))
(4, 6, (0, 1, 0, 1, 0, 0, 0, 1))
(4, 6, (0, 1, 0, 1, 0, 0, 1, 0))
(4, 6, (0, 1, 0, 1, 0, 0, 1, 1))
(4, 6, (0, 1, 0, 1, 0, 1, 0, 0))
(4, 6, (0, 1, 0, 1, 0, 1, 0, 1))
(4, 6, (0, 1, 0, 1, 0, 1, 1, 0))
(4, 6, (0, 1, 0, 1, 1, 0, 0, 0))
(4, 6, (0, 1, 0, 1, 1, 0, 0, 1))
(4, 6, (0, 1, 0, 1, 1, 0, 1, 0))
(5, 6, (0, 0, 0, 0, 0, 0, 0, 0))
(5, 6, (0, 0, 0, 0, 0, 0, 0, 1))
(5, 6, (0, 0, 0, 0, 0, 0, 1, 0))
(5, 6, (0, 0, 0, 0, 0, 0, 1, 1))
(5, 6, (0, 0, 0, 0, 0, 1, 0, 0))
(5, 6, (0, 0, 0, 0, 0, 1, 0, 1))
(5, 6, (0, 0, 0, 0, 0, 1, 1, 0))
(5, 6, (0, 0, 0, 0, 0, 1, 1, 1))
(5, 6, (0, 0, 0, 0, 1, 0, 0, 0))
(5, 6, (0, 0, 0, 0, 1, 0, 0, 1))
(5, 6, (0, 0, 0, 0, 1, 0, 1, 0))
(5, 6, (0, 0, 0, 0, 1, 0, 1, 1))
(5, 6, (0, 0, 0, 0, 1, 1, 0, 0))
(5, 6, (0, 0, 0, 0, 1, 1, 0, 1))
(5, 6, (0, 0, 0, 0, 1, 1, 1, 0))
(5, 6, (0, 0, 0, 1, 0, 0, 0, 0))
(5, 6, (0, 0, 0, 1, 0, 0, 0, 1))
(5, 6, (0, 0, 0, 1, 0, 0, 1, 0))
(5, 6, (0, 0, 0, 1, 0, 0, 1, 1))
(5, 6, (0, 0, 0, 1, 0, 1, 0, 0))
(5, 6, (0, 0, 0, 1, 0, 1, 0, 1))
(5, 6, (0, 0, 0, 1, 0, 1, 1, 0))
(5, 6, (0, 0, 0, 1, 1, 0, 0, 0))
(5, 6, (0, 0, 0, 1, 1, 0, 0, 1))
(5, 6, (0, 0, 0, 1, 1, 0, 1, 0))
(5, 6, (0, 0, 0, 1, 1, 1, 0, 0))
(5, 6, (0, 0, 1, 0, 0, 0, 0, 0))
(5, 6, (0, 0, 1, 0, 0, 0, 0, 1))
(5, 6, (0, 0, 1, 0, 0, 0, 1, 0))
(5, 6, (0, 0, 1, 0, 0, 0, 1, 1))
(5, 6, (0, 0, 1, 0, 0, 1, 0, 0))
(5, 6, (0, 0, 1, 0, 0, 1, 0, 1))
(5, 6, (0, 0, 1, 0, 0, 1, 1, 0))
(5, 6, (0, 0, 1, 0, 0, 1, 1, 1))
(5, 6, (0, 0, 1, 0, 1, 0, 0, 0))
(5, 6, (0, 0, 1, 0, 1, 0, 0, 1))
(5, 6, (0, 0, 1, 0, 1, 0, 1, 0))
(5, 6, (0, 0, 1, 0, 1, 0, 1, 1))
(5, 6, (0, 0, 1, 0, 1, 1, 0, 0))
(5, 6, (0, 0, 1, 0, 1, 1, 0, 1))
(5, 6, (0, 0, 1, 1, 0, 0, 0, 0))
(5, 6, (0, 0, 1, 1, 0, 0, 0, 1))
(5, 6, (0, 0, 1, 1, 0, 0, 1, 0))
(5, 6, (0, 0, 1, 1, 0, 0, 1, 1))
(5, 6, (0, 0, 1, 1, 0, 1, 0, 0))
(5, 6, (0, 0, 1, 1, 0, 1, 0, 1))
(5, 6, (0, 0, 1, 1, 1, 0, 0, 0))
(5, 6, (0, 0, 1, 1, 1, 0, 0, 1))
(5, 6, (0, 1, 0, 0, 0, 0, 0, 0))
(5, 6, (0, 1, 0, 0, 0, 0, 0, 1))
(5, 6, (0, 1, 0, 0, 0, 0, 1, 0))
(5, 6, (0, 1, 0, 0, 0, 0, 1, 1))
(5, 6, (0, 1, 0, 0, 0, 1, 0, 0))
(5, 6, (0, 1, 0, 0, 0, 1, 0, 1))
(5, 6, (0, 1, 0, 0, 0, 1, 1, 0))
(5, 6, (0, 1, 0, 0, 0, 1, 1, 1))
(5, 6, (0, 1, 0, 0, 1, 0, 0, 0))
(5, 6, (0, 1, 0, 0, 1, 0, 0, 1))
(5, 6, (0, 1, 0, 0, 1, 0, 1, 0))
(5, 6, (0, 1, 0, 0, 1, 0, 1, 1))
(5, 6, (0, 1, 0, 0, 1, 1, 0, 0))
(5, 6, (0, 1, 0, 0, 1, 1, 0, 1))
(5, 6, (0, 1, 0, 0, 1, 1, 1, 0))
(5, 6, (0, 1, 0, 1, 0, 0, 0, 0))
(5, 6, (0, 1, 0, 1, 0, 0, 0, 1))
(5, 6, (0, 1, 0, 1, 0, 0, 1, 0))
(5, 6, (0, 1, 0, 1, 0, 0, 1, 1))
(5, 6, (0, 1, 0, 1, 0, 1, 0, 0))
(5, 6, (0, 1, 0, 1, 0, 1, 0, 1))
(5, 6, (0, 1, 0, 1, 0, 1, 1, 0))
(5, 6, (0, 1, 0, 1, 1, 0, 0, 0))
(5, 6, (0, 1, 0, 1, 1, 0, 0, 1))
(5, 6, (0, 1, 0, 1, 1, 0, 1, 0))
(5, 6, (0, 1, 1, 0, 0, 0, 0, 0))
(5, 6, (0, 1, 1, 0, 0, 0, 0, 1))
(5, 6, (0, 1, 1, 0, 0, 0, 1, 0))
(5, 6, (0, 1, 1, 0, 0, 0, 1, 1))
(5, 6, (0, 1, 1, 0, 0, 1, 0, 0))
(5, 6, (0, 1, 1, 0, 0, 1, 0, 1))
(5, 6, (0, 1, 1, 0, 0, 1, 1, 0))
(5, 6, (0, 1, 1, 0, 0, 1, 1, 1))
(5, 6, (0, 1, 1, 0, 1, 0, 0, 0))
(5, 6, (0, 1, 1, 0, 1, 0, 0, 1))
(5, 6, (0, 1, 1, 0, 1, 0, 1, 0))
(5, 6, (0, 1, 1, 0, 1, 0, 1, 1))
(6, 6, (0, 0, 0, 0, 0, 0, 0, 0))
(6, 6, (0, 0, 0, 0, 0, 0, 0, 1))
(6, 6, (0, 0, 0, 0, 0, 0, 1, 0))
(6, 6, (0, 0, 0, 0, 0, 0, 1, 1))
(6, 6, (0, 0, 0, 0, 0, 1, 0, 0))
(6, 6, (0, 0, 0, 0, 0, 1, 0, 1))
(6, 6, (0, 0, 0, 0, 0, 1, 1, 0))
(6, 6, (0, 0, 0, 0, 0, 1, 1, 1))
(6, 6, (0, 0, 0, 0, 1, 0, 0, 0))
(6, 6, (0, 0, 0, 0, 1, 0, 0, 1))
(6, 6, (0, 0, 0, 0, 1, 0, 1, 0))
(6, 6, (0, 0, 0, 0, 1, 0, 1, 1))
(6, 6, (0, 0, 0, 0, 1, 1, 0, 0))
(6, 6, (0, 0, 0, 0, 1, 1, 0, 1))
(6, 6, (0, 0, 0, 0, 1, 1, 1, 0))
(6, 6, (0, 0, 0, 1, 0, 0, 0, 0))
(6, 6, (0, 0, 0, 1, 0, 0, 0, 1))
(6, 6, (0, 0, 0, 1, 0, 0, 1, 0))
(6, 6, (0, 0, 0, 1, 0, 0, 1, 1))
(6, 6, (0, 0, 0, 1, 0, 1, 0, 0))
(6, 6, (0, 0, 0, 1, 0, 1, 0, 1))
(6, 6, (0, 0, 0, 1, 0, 1, 1, 0))
(6, 6, (0, 0, 0, 1, 1, 0, 0, 0))
(6, 6, (0, 0, 0, 1, 1, 0, 0, 1))
(6, 6, (0, 0, 0, 1, 1, 0, 1, 0))
(6, 6, (0, 0, 0, 1, 1, 1, 0, 0))
(6, 6, (0, 0, 1, 0, 0, 0, 0, 0))
(6, 6, (0, 0, 1, 0, 0, 0, 0, 1))
(6, 6, (0, 0, 1, 0, 0, 0, 1, 0))
(6, 6, (0, 0, 1, 0, 0, 0, 1, 1))
(6, 6, (0, 0, 1, 0, 0, 1, 0, 0))
(6, 6, (0, 0, 1, 0, 0, 1, 0, 1))
(6, 6, (0, 0, 1, 0, 0, 1, 1, 0))
(6, 6, (0, 0, 1, 0, 0, 1, 1, 1))
(6, 6, (0, 0, 1, 0, 1, 0, 0, 0))
(6, 6, (0, 0, 1, 0, 1, 0, 0, 1))
(6, 6, (0, 0, 1, 0, 1, 0, 1, 0))
(6, 6, (0, 0, 1, 0, 1, 0, 1, 1))
(6, 6, (0, 0, 1, 0, 1, 1, 0, 0))
(6, 6, (0, 0, 1, 0, 1, 1, 0, 1))
(6, 6, (0, 0, 1, 1, 0, 0, 0, 0))
(6, 6, (0, 0, 1, 1, 0, 0, 0, 1))
(6, 6, (0, 0, 1, 1, 0, 0, 1, 0))
(6, 6, (0, 0, 1, 1, 0, 0, 1, 1))
(6, 6, (0, 0, 1, 1, 0, 1, 0, 0))
(6, 6, (0, 0, 1, 1, 0, 1, 0, 1))
(6, 6, (0, 0, 1, 1, 1, 0, 0, 0))
(6, 6, (0, 0, 1, 1, 1, 0, 0, 1))
(6, 6, (0, 1, 0, 0, 0, 0, 0, 0))
(6, 6, (0, 1, 0, 0, 0, 0, 0, 1))
(6, 6, (0, 1, 0, 0, 0, 0, 1, 0))
(6, 6, (0, 1, 0, 0, 0, 0, 1, 1))
(6, 6, (0, 1, 0, 0, 0, 1, 0, 0))
(6, 6, (0, 1, 0, 0, 0, 1, 0, 1))
(6, 6, (0, 1, 0, 0, 0, 1, 1, 0))
(6, 6, (0, 1, 0, 0, 0, 1, 1, 1))
(6, 6, (0, 1, 0, 0, 1, 0, 0, 0))
(6, 6, (0, 1, 0, 0, 1, 0, 0, 1))
(6, 6, (0, 1, 0, 0, 1, 0, 1, 0))
(6, 6, (0, 1, 0, 0, 1, 0, 1, 1))
(6, 6, (0, 1, 0, 0, 1, 1, 0, 0))
(6, 6, (0, 1, 0, 0, 1, 1, 0, 1))
(6, 6, (0, 1, 0, 0, 1, 1, 1, 0))
(6, 6, (0, 1, 0, 1, 0, 0, 0, 0))
(6, 6, (0, 1, 0, 1, 0, 0, 0, 1))
(6, 6, (0, 1, 0, 1, 0, 0, 1, 0))
(6, 6, (0, 1, 0, 1, 0, 0, 1, 1))
(6, 6, (0, 1, 0, 1, 0, 1, 0, 0))
(6, 6, (0, 1, 0, 1, 0, 1, 0, 1))
(6, 6, (0, 1, 0, 1, 0, 1, 1, 0))
(6, 6, (0, 1, 0, 1, 1, 0, 0, 0))
(6, 6, (0, 1, 0, 1, 1, 0, 0, 1))
(6, 6, (0, 1, 0, 1, 1, 0, 1, 0))
(6, 6, (0, 1, 1, 0, 0, 0, 0, 0))
(6, 6, (0, 1, 1, 0, 0, 0, 0, 1))
(6, 6, (0, 1, 1, 0, 0, 0, 1, 0))
(6, 6, (0, 1, 1, 0, 0, 0, 1, 1))
(6, 6, (0, 1, 1, 0, 0, 1, 0, 0))
(6, 6, (0, 1, 1, 0, 0, 1, 0, 1))
(6, 6, (0, 1, 1, 0, 0, 1, 1, 0))
(6, 6, (0, 1, 1, 0, 0, 1, 1, 1))
(6, 6, (0, 1, 1, 0, 1, 0, 0, 0))
(6, 6, (0, 1, 1, 0, 1, 0, 0, 1))
(6, 6, (0, 1, 1, 0, 1, 0, 1, 0))
(6, 6, (0, 1, 1, 0, 1, 0, 1, 1))
(6, 6, (0, 1, 1, 1, 0, 0, 0, 0))
(6, 6, (0, 1, 1, 1, 0, 0, 0, 1))
(6, 6, (0, 1, 1, 1, 0, 0, 1, 0))
(6, 6, (0, 1, 1, 1, 0, 0, 1, 1))
(2, 5, (0, 0, 0, 0, 0, 0, 0, 0, 0))
(2, 5, (0, 0, 0, 0, 0, 0, 0, 0, 1))
(2, 5, (0, 0, 0, 0, 0, 0, 0, 1, 0))
(2, 5, (0, 0, 0, 0, 0, 0, 0, 1, 1))
(2, 5, (0, 0, 0, 0, 0, 0, 1, 0, 0))
(2, 5, (0, 0, 0, 0, 0, 0, 1, 0, 1))
(2, 5, (0, 0, 0, 0, 0, 0, 1, 1, 0))
(2, 5, (0, 0, 0, 0, 0, 0, 1, 1, 1))
(2, 5, (0, 0, 0, 0, 0, 1, 0, 0, 0))
(2, 5, (0, 0, 0, 0, 0, 1, 0, 0, 1))
(2, 5, (0, 0, 0, 0, 0, 1, 0, 1, 0))
(2, 5, (0, 0, 0, 0, 0, 1, 0, 1, 1))
(2, 5, (0, 0, 0, 0, 0, 1, 1, 0, 0))
(2, 5, (0, 0, 0, 0, 0, 1, 1, 0, 1))
(2, 5, (0, 0, 0, 0, 0, 1, 1, 1, 0))
(2, 5, (0, 0, 0, 0, 1, 0, 0, 0, 0))
(2, 5, (0, 0, 0, 0, 1, 0, 0, 0, 1))
(2, 5, (0, 0, 0, 0, 1, 0, 0, 1, 0))
(2, 5, (0, 0, 0, 0, 1, 0, 0, 1, 1))
(2, 5, (0, 0, 0, 0, 1, 0, 1, 0, 0))
(2, 5, (0, 0, 0, 0, 1, 0, 1, 0, 1))
(2, 5, (0, 0, 0, 0, 1, 0, 1, 1, 0))
(2, 5, (0, 0, 0, 0, 1, 1, 0, 0, 0))
(2, 5, (0, 0, 0, 0, 1, 1, 0, 0, 1))
(2, 5, (0, 0, 0, 0, 1, 1, 0, 1, 0))
(2, 5, (0, 0, 0, 0, 1, 1, 1, 0, 0))
(2, 5, (0, 0, 0, 1, 0, 0, 0, 0, 0))
(2, 5, (0, 0, 0, 1, 0, 0, 0, 0, 1))
(2, 5, (0, 0, 0, 1, 0, 0, 0, 1, 0))
(2, 5, (0, 0, 0, 1, 0, 0, 0, 1, 1))
(2, 5, (0, 0, 0, 1, 0, 0, 1, 0, 0))
(2, 5, (0, 0, 0, 1, 0, 0, 1, 0, 1))
(2, 5, (0, 0, 0, 1, 0, 0, 1, 1, 0))
(2, 5, (0, 0, 0, 1, 0, 0, 1, 1, 1))
(2, 5, (0, 0, 0, 1, 0, 1, 0, 0, 0))
(2, 5, (0, 0, 0, 1, 0, 1, 0, 0, 1))
(2, 5, (0, 0, 0, 1, 0, 1, 0, 1, 0))
(2, 5, (0, 0, 0, 1, 0, 1, 0, 1, 1))
(2, 5, (0, 0, 0, 1, 0, 1, 1, 0, 0))
(2, 5, (0, 0, 0, 1, 0, 1, 1, 0, 1))
(2, 5, (0, 0, 0, 1, 1, 0, 0, 0, 0))
(2, 5, (0, 0, 0, 1, 1, 0, 0, 0, 1))
(2, 5, (0, 0, 0, 1, 1, 0, 0, 1, 0))
(2, 5, (0, 0, 0, 1, 1, 0, 0, 1, 1))
(2, 5, (0, 0, 0, 1, 1, 0, 1, 0, 0))
(2, 5, (0, 0, 0, 1, 1, 0, 1, 0, 1))
(2, 5, (0, 0, 0, 1, 1, 1, 0, 0, 0))
(2, 5, (0, 0, 0, 1, 1, 1, 0, 0, 1))
(2, 5, (0, 0, 1, 0, 0, 0, 0, 0, 0))
(2, 5, (0, 0, 1, 0, 0, 0, 0, 0, 1))
(2, 5, (0, 0, 1, 0, 0, 0, 0, 1, 0))
(2, 5, (0, 0, 1, 0, 0, 0, 0, 1, 1))
(2, 5, (0, 0, 1, 0, 0, 0, 1, 0, 0))
(2, 5, (0, 0, 1, 0, 0, 0, 1, 0, 1))
(2, 5, (0, 0, 1, 0, 0, 0, 1, 1, 0))
(2, 5, (0, 0, 1, 0, 0, 0, 1, 1, 1))
(2, 5, (0, 0, 1, 0, 0, 1, 0, 0, 0))
(2, 5, (0, 0, 1, 0, 0, 1, 0, 0, 1))
(2, 5, (0, 0, 1, 0, 0, 1, 0, 1, 0))
(2, 5, (0, 0, 1, 0, 0, 1, 0, 1, 1))
(2, 5, (0, 0, 1, 0, 0, 1, 1, 0, 0))
(2, 5, (0, 0, 1, 0, 0, 1, 1, 0, 1))
(2, 5, (0, 0, 1, 0, 0, 1, 1, 1, 0))
(2, 5, (0, 0, 1, 0, 1, 0, 0, 0, 0))
(2, 5, (0, 0, 1, 0, 1, 0, 0, 0, 1))
(2, 5, (0, 0, 1, 0, 1, 0, 0, 1, 0))
(2, 5, (0, 0, 1, 0, 1, 0, 0, 1, 1))
(2, 5, (0, 0, 1, 0, 1, 0, 1, 0, 0))
(2, 5, (0, 0, 1, 0, 1, 0, 1, 0, 1))
(2, 5, (0, 0, 1, 0, 1, 0, 1, 1, 0))
(2, 5, (0, 0, 1, 0, 1, 1, 0, 0, 0))
(2, 5, (0, 0, 1, 0, 1, 1, 0, 0, 1))
(2, 5, (0, 0, 1, 0, 1, 1, 0, 1, 0))
(2, 5, (0, 0, 1, 1, 0, 0, 0, 0, 0))
(2, 5, (0, 0, 1, 1, 0, 0, 0, 0, 1))
(2, 5, (0, 0, 1, 1, 0, 0, 0, 1, 0))
(2, 5, (0, 0, 1, 1, 0, 0, 0, 1, 1))
(2, 5, (0, 0, 1, 1, 0, 0, 1, 0, 0))
(2, 5, (0, 0, 1, 1, 0, 0, 1, 0, 1))
(2, 5, (0, 0, 1, 1, 0, 0, 1, 1, 0))
(2, 5, (0, 0, 1, 1, 0, 0, 1, 1, 1))
(2, 5, (0, 0, 1, 1, 0, 1, 0, 0, 0))
(2, 5, (0, 0, 1, 1, 0, 1, 0, 0, 1))
(2, 5, (0, 0, 1, 1, 0, 1, 0, 1, 0))
(2, 5, (0, 0, 1, 1, 0, 1, 0, 1, 1))
(2, 5, (0, 0, 1, 1, 1, 0, 0, 0, 0))
(2, 5, (0, 0, 1, 1, 1, 0, 0, 0, 1))
(2, 5, (0, 0, 1, 1, 1, 0, 0, 1, 0))
(2, 5, (0, 0, 1, 1, 1, 0, 0, 1, 1))
(3, 5, (0, 0, 0, 0, 0, 0, 0, 0, 0))
(3, 5, (0, 0, 0, 0, 0, 0, 0, 0, 1))
(3, 5, (0, 0, 0, 0, 0, 0, 0, 1, 0))
(3, 5, (0, 0, 0, 0, 0, 0, 0, 1, 1))
(3, 5, (0, 0, 0, 0, 0, 0, 1, 0, 0))
(3, 5, (0, 0, 0, 0, 0, 0, 1, 0, 1))
(3, 5, (0, 0, 0, 0, 0, 0, 1, 1, 0))
(3, 5, (0, 0, 0, 0, 0, 0, 1, 1, 1))
(3, 5, (0, 0, 0, 0, 0, 1, 0, 0, 0))
(3, 5, (0, 0, 0, 0, 0, 1, 0, 0, 1))
(3, 5, (0, 0, 0, 0, 0, 1, 0, 1, 0))
(3, 5, (0, 0, 0, 0, 0, 1, 0, 1, 1))
(3, 5, (0, 0, 0, 0, 0, 1, 1, 0, 0))
(3, 5, (0, 0, 0, 0, 0, 1, 1, 0, 1))
(3, 5, (0, 0, 0, 0, 0, 1, 1, 1, 0))
(3, 5, (0, 0, 0, 0, 1, 0, 0, 0, 0))
(3, 5, (0, 0, 0, 0, 1, 0, 0, 0, 1))
(3, 5, (0, 0, 0, 0, 1, 0, 0, 1, 0))
(3, 5, (0, 0, 0, 0, 1, 0, 0, 1, 1))
(3, 5, (0, 0, 0, 0, 1, 0, 1, 0, 0))
(3, 5, (0, 0, 0, 0, 1, 0, 1, 0, 1))
(3, 5, (0, 0, 0, 0, 1, 0, 1, 1, 0))
(3, 5, (0, 0, 0, 0, 1, 1, 0, 0, 0))
(3, 5, (0, 0, 0, 0, 1, 1, 0, 0, 1))
(3, 5, (0, 0, 0, 0, 1, 1, 0, 1, 0))
(3, 5, (0, 0, 0, 0, 1, 1, 1, 0, 0))
(3, 5, (0, 0, 0, 1, 0, 0, 0, 0, 0))
(3, 5, (0, 0, 0, 1, 0, 0, 0, 0, 1))
(3, 5, (0, 0, 0, 1, 0, 0, 0, 1, 0))
(3, 5, (0, 0, 0, 1, 0, 0, 0, 1, 1))
(3, 5, (0, 0, 0, 1, 0, 0, 1, 0, 0))
(3, 5, (0, 0, 0, 1, 0, 0, 1, 0, 1))
(3, 5, (0, 0, 0, 1, 0, 0, 1, 1, 0))
(3, 5, (0, 0, 0, 1, 0, 0, 1, 1, 1))
(3, 5, (0, 0, 0, 1, 0, 1, 0, 0, 0))
(3, 5, (0, 0, 0, 1, 0, 1, 0, 0, 1))
(3, 5, (0, 0, 0, 1, 0, 1, 0, 1, 0))
(3, 5, (0, 0, 0, 1, 0, 1, 0, 1, 1))
(3, 5, (0, 0, 0, 1, 0, 1, 1, 0, 0))
(3, 5, (0, 0, 0, 1, 0, 1, 1, 0, 1))
(3, 5, (0, 0, 0, 1, 1, 0, 0, 0, 0))
(3, 5, (0, 0, 0, 1, 1, 0, 0, 0, 1))
(3, 5, (0, 0, 0, 1, 1, 0, 0, 1, 0))
(3, 5, (0, 0, 0, 1, 1, 0, 0, 1, 1))
(3, 5, (0, 0, 0, 1, 1, 0, 1, 0, 0))
(3, 5, (0, 0, 0, 1, 1, 0, 1, 0, 1))
(3, 5, (0, 0, 0, 1, 1, 1, 0, 0, 0))
(3, 5, (0, 0, 0, 1, 1, 1, 0, 0, 1))
(3, 5, (0, 0, 1, 0, 0, 0, 0, 0, 0))
(3, 5, (0, 0, 1, 0, 0, 0, 0, 0, 1))
(3, 5, (0, 0, 1, 0, 0, 0, 0, 1, 0))
(3, 5, (0, 0, 1, 0, 0, 0, 0, 1, 1))
(3, 5, (0, 0, 1, 0, 0, 0, 1, 0, 0))
(3, 5, (0, 0, 1, 0, 0, 0, 1, 0, 1))
(3, 5, (0, 0, 1, 0, 0, 0, 1, 1, 0))
(3, 5, (0, 0, 1, 0, 0, 0, 1, 1, 1))
(3, 5, (0, 0, 1, 0, 0, 1, 0, 0, 0))
(3, 5, (0, 0, 1, 0, 0, 1, 0, 0, 1))
(3, 5, (0, 0, 1, 0, 0, 1, 0, 1, 0))
(3, 5, (0, 0, 1, 0, 0, 1, 0, 1, 1))
(3, 5, (0, 0, 1, 0, 0, 1, 1, 0, 0))
(3, 5, (0, 0, 1, 0, 0, 1, 1, 0, 1))
(3, 5, (0, 0, 1, 0, 0, 1, 1, 1, 0))
(3, 5, (0, 0, 1, 0, 1, 0, 0, 0, 0))
(3, 5, (0, 0, 1, 0, 1, 0, 0, 0, 1))
(3, 5, (0, 0, 1, 0, 1, 0, 0, 1, 0))
(3, 5, (0, 0, 1, 0, 1, 0, 0, 1, 1))
(3, 5, (0, 0, 1, 0, 1, 0, 1, 0, 0))
(3, 5, (0, 0, 1, 0, 1, 0, 1, 0, 1))
(3, 5, (0, 0, 1, 0, 1, 0, 1, 1, 0))
(3, 5, (0, 0, 1, 0, 1, 1, 0, 0, 0))
(3, 5, (0, 0, 1, 0, 1, 1, 0, 0, 1))
(3, 5, (0, 0, 1, 0, 1, 1, 0, 1, 0))
(3, 5, (0, 0, 1, 1, 0, 0, 0, 0, 0))
(3, 5, (0, 0, 1, 1, 0, 0, 0, 0, 1))
(3, 5, (0, 0, 1, 1, 0, 0, 0, 1, 0))
(3, 5, (0, 0, 1, 1, 0, 0, 0, 1, 1))
(3, 5, (0, 0, 1, 1, 0, 0, 1, 0, 0))
(3, 5, (0, 0, 1, 1, 0, 0, 1, 0, 1))
(3, 5, (0, 0, 1, 1, 0, 0, 1, 1, 0))
(3, 5, (0, 0, 1, 1, 0, 0, 1, 1, 1))
(3, 5, (0, 0, 1, 1, 0, 1, 0, 0, 0))
(3, 5, (0, 0, 1, 1, 0, 1, 0, 0, 1))
(3, 5, (0, 0, 1, 1, 0, 1, 0, 1, 0))
(3, 5, (0, 0, 1, 1, 0, 1, 0, 1, 1))
(3, 5, (0, 0, 1, 1, 1, 0, 0, 0, 0))
(3, 5, (0, 0, 1, 1, 1, 0, 0, 0, 1))
(3, 5, (0, 0, 1, 1, 1, 0, 0, 1, 0))
(3, 5, (0, 0, 1, 1, 1, 0, 0, 1, 1))
(3, 5, (0, 1, 0, 0, 0, 0, 0, 0, 0))
(3, 5, (0, 1, 0, 0, 0, 0, 0, 0, 1))
(3, 5, (0, 1, 0, 0, 0, 0, 0, 1, 0))
(3, 5, (0, 1, 0, 0, 0, 0, 0, 1, 1))
(3, 5, (0, 1, 0, 0, 0, 0, 1, 0, 0))
(3, 5, (0, 1, 0, 0, 0, 0, 1, 0, 1))
(3, 5, (0, 1, 0, 0, 0, 0, 1, 1, 0))
(3, 5, (0, 1, 0, 0, 0, 0, 1, 1, 1))
(3, 5, (0, 1, 0, 0, 0, 1, 0, 0, 0))
(3, 5, (0, 1, 0, 0, 0, 1, 0, 0, 1))
(3, 5, (0, 1, 0, 0, 0, 1, 0, 1, 0))
(3, 5, (0, 1, 0, 0, 0, 1, 0, 1, 1))
(3, 5, (0, 1, 0, 0, 0, 1, 1, 0, 0))
(3, 5, (0, 1, 0, 0, 0, 1, 1, 0, 1))
(3, 5, (0, 1, 0, 0, 0, 1, 1, 1, 0))
(3, 5, (0, 1, 0, 0, 1, 0, 0, 0, 0))
(3, 5, (0, 1, 0, 0, 1, 0, 0, 0, 1))
(3, 5, (0, 1, 0, 0, 1, 0, 0, 1, 0))
(3, 5, (0, 1, 0, 0, 1, 0, 0, 1, 1))
(3, 5, (0, 1, 0, 0, 1, 0, 1, 0, 0))
(3, 5, (0, 1, 0, 0, 1, 0, 1, 0, 1))
(3, 5, (0, 1, 0, 0, 1, 0, 1, 1, 0))
(3, 5, (0, 1, 0, 0, 1, 1, 0, 0, 0))
(3, 5, (0, 1, 0, 0, 1, 1, 0, 0, 1))
(3, 5, (0, 1, 0, 0, 1, 1, 0, 1, 0))
(3, 5, (0, 1, 0, 0, 1, 1, 1, 0, 0))
(3, 5, (0, 1, 0, 1, 0, 0, 0, 0, 0))
(3, 5, (0, 1, 0, 1, 0, 0, 0, 0, 1))
(3, 5, (0, 1, 0, 1, 0, 0, 0, 1, 0))
(3, 5, (0, 1, 0, 1, 0, 0, 0, 1, 1))
(3, 5, (0, 1, 0, 1, 0, 0, 1, 0, 0))
(3, 5, (0, 1, 0, 1, 0, 0, 1, 0, 1))
(3, 5, (0, 1, 0, 1, 0, 0, 1, 1, 0))
(3, 5, (0, 1, 0, 1, 0, 0, 1, 1, 1))
(3, 5, (0, 1, 0, 1, 0, 1, 0, 0, 0))
(3, 5, (0, 1, 0, 1, 0, 1, 0, 0, 1))
(3, 5, (0, 1, 0, 1, 0, 1, 0, 1, 0))
(3, 5, (0, 1, 0, 1, 0, 1, 0, 1, 1))
(3, 5, (0, 1, 0, 1, 0, 1, 1, 0, 0))
(3, 5, (0, 1, 0, 1, 0, 1, 1, 0, 1))
(3, 5, (0, 1, 0, 1, 1, 0, 0, 0, 0))
(3, 5, (0, 1, 0, 1, 1, 0, 0, 0, 1))
(3, 5, (0, 1, 0, 1, 1, 0, 0, 1, 0))
(3, 5, (0, 1, 0, 1, 1, 0, 0, 1, 1))
(3, 5, (0, 1, 0, 1, 1, 0, 1, 0, 0))
(3, 5, (0, 1, 0, 1, 1, 0, 1, 0, 1))
(4, 5, (0, 0, 0, 0, 0, 0, 0, 0, 0))
(4, 5, (0, 0, 0, 0, 0, 0, 0, 0, 1))
(4, 5, (0, 0, 0, 0, 0, 0, 0, 1, 0))
(4, 5, (0, 0, 0, 0, 0, 0, 0, 1, 1))
(4, 5, (0, 0, 0, 0, 0, 0, 1, 0, 0))
(4, 5, (0, 0, 0, 0, 0, 0, 1, 0, 1))
(4, 5, (0, 0, 0, 0, 0, 0, 1, 1, 0))
(4, 5, (0, 0, 0, 0, 0, 0, 1, 1, 1))
(4, 5, (0, 0, 0, 0, 0, 1, 0, 0, 0))
(4, 5, (0, 0, 0, 0, 0, 1, 0, 0, 1))
(4, 5, (0, 0, 0, 0, 0, 1, 0, 1, 0))
(4, 5, (0, 0, 0, 0, 0, 1, 0, 1, 1))
(4, 5, (0, 0, 0, 0, 0, 1, 1, 0, 0))
(4, 5, (0, 0, 0, 0, 0, 1, 1, 0, 1))
(4, 5, (0, 0, 0, 0, 0, 1, 1, 1, 0))
(4, 5, (0, 0, 0, 0, 1, 0, 0, 0, 0))
(4, 5, (0, 0, 0, 0, 1, 0, 0, 0, 1))
(4, 5, (0, 0, 0, 0, 1, 0, 0, 1, 0))
(4, 5, (0, 0, 0, 0, 1, 0, 0, 1, 1))
(4, 5, (0, 0, 0, 0, 1, 0, 1, 0, 0))
(4, 5, (0, 0, 0, 0, 1, 0, 1, 0, 1))
(4, 5, (0, 0, 0, 0, 1, 0, 1, 1, 0))
(4, 5, (0, 0, 0, 0, 1, 1, 0, 0, 0))
(4, 5, (0, 0, 0, 0, 1, 1, 0, 0, 1))
(4, 5, (0, 0, 0, 0, 1, 1, 0, 1, 0))
(4, 5, (0, 0, 0, 0, 1, 1, 1, 0, 0))
(4, 5, (0, 0, 0, 1, 0, 0, 0, 0, 0))
(4, 5, (0, 0, 0, 1, 0, 0, 0, 0, 1))
(4, 5, (0, 0, 0, 1, 0, 0, 0, 1, 0))
(4, 5, (0, 0, 0, 1, 0, 0, 0, 1, 1))
(4, 5, (0, 0, 0, 1, 0, 0, 1, 0, 0))
(4, 5, (0, 0, 0, 1, 0, 0, 1, 0, 1))
(4, 5, (0, 0, 0, 1, 0, 0, 1, 1, 0))
(4, 5, (0, 0, 0, 1, 0, 0, 1, 1, 1))
(4, 5, (0, 0, 0, 1, 0, 1, 0, 0, 0))
(4, 5, (0, 0, 0, 1, 0, 1, 0, 0, 1))
(4, 5, (0, 0, 0, 1, 0, 1, 0, 1, 0))
(4, 5, (0, 0, 0, 1, 0, 1, 0, 1, 1))
(4, 5, (0, 0, 0, 1, 0, 1, 1, 0, 0))
(4, 5, (0, 0, 0, 1, 0, 1, 1, 0, 1))
(4, 5, (0, 0, 0, 1, 1, 0, 0, 0, 0))
(4, 5, (0, 0, 0, 1, 1, 0, 0, 0, 1))
(4, 5, (0, 0, 0, 1, 1, 0, 0, 1, 0))
(4, 5, (0, 0, 0, 1, 1, 0, 0, 1, 1))
(4, 5, (0, 0, 0, 1, 1, 0, 1, 0, 0))
(4, 5, (0, 0, 0, 1, 1, 0, 1, 0, 1))
(4, 5, (0, 0, 0, 1, 1, 1, 0, 0, 0))
(4, 5, (0, 0, 0, 1, 1, 1, 0, 0, 1))
(4, 5, (0, 0, 1, 0, 0, 0, 0, 0, 0))
(4, 5, (0, 0, 1, 0, 0, 0, 0, 0, 1))
(4, 5, (0, 0, 1, 0, 0, 0, 0, 1, 0))
(4, 5, (0, 0, 1, 0, 0, 0, 0, 1, 1))
(4, 5, (0, 0, 1, 0, 0, 0, 1, 0, 0))
(4, 5, (0, 0, 1, 0, 0, 0, 1, 0, 1))
(4, 5, (0, 0, 1, 0, 0, 0, 1, 1, 0))
(4, 5, (0, 0, 1, 0, 0, 0, 1, 1, 1))
(4, 5, (0, 0, 1, 0, 0, 1, 0, 0, 0))
(4, 5, (0, 0, 1, 0, 0, 1, 0, 0, 1))
(4, 5, (0, 0, 1, 0, 0, 1, 0, 1, 0))
(4, 5, (0, 0, 1, 0, 0, 1, 0, 1, 1))
(4, 5, (0, 0, 1, 0, 0, 1, 1, 0, 0))
(4, 5, (0, 0, 1, 0, 0, 1, 1, 0, 1))
(4, 5, (0, 0, 1, 0, 0, 1, 1, 1, 0))
(4, 5, (0, 0, 1, 0, 1, 0, 0, 0, 0))
(4, 5, (0, 0, 1, 0, 1, 0, 0, 0, 1))
(4, 5, (0, 0, 1, 0, 1, 0, 0, 1, 0))
(4, 5, (0, 0, 1, 0, 1, 0, 0, 1, 1))
(4, 5, (0, 0, 1, 0, 1, 0, 1, 0, 0))
(4, 5, (0, 0, 1, 0, 1, 0, 1, 0, 1))
(4, 5, (0, 0, 1, 0, 1, 0, 1, 1, 0))
(4, 5, (0, 0, 1, 0, 1, 1, 0, 0, 0))
(4, 5, (0, 0, 1, 0, 1, 1, 0, 0, 1))
(4, 5, (0, 0, 1, 0, 1, 1, 0, 1, 0))
(4, 5, (0, 0, 1, 1, 0, 0, 0, 0, 0))
(4, 5, (0, 0, 1, 1, 0, 0, 0, 0, 1))
(4, 5, (0, 0, 1, 1, 0, 0, 0, 1, 0))
(4, 5, (0, 0, 1, 1, 0, 0, 0, 1, 1))
(4, 5, (0, 0, 1, 1, 0, 0, 1, 0, 0))
(4, 5, (0, 0, 1, 1, 0, 0, 1, 0, 1))
(4, 5, (0, 0, 1, 1, 0, 0, 1, 1, 0))
(4, 5, (0, 0, 1, 1, 0, 0, 1, 1, 1))
(4, 5, (0, 0, 1, 1, 0, 1, 0, 0, 0))
(4, 5, (0, 0, 1, 1, 0, 1, 0, 0, 1))
(4, 5, (0, 0, 1, 1, 0, 1, 0, 1, 0))
(4, 5, (0, 0, 1, 1, 0, 1, 0, 1, 1))
(4, 5, (0, 0, 1, 1, 1, 0, 0, 0, 0))
(4, 5, (0, 0, 1, 1, 1, 0, 0, 0, 1))
(4, 5, (0, 0, 1, 1, 1, 0, 0, 1, 0))
(4, 5, (0, 0, 1, 1, 1, 0, 0, 1, 1))
(4, 5, (0, 1, 0, 0, 0, 0, 0, 0, 0))
(4, 5, (0, 1, 0, 0, 0, 0, 0, 0, 1))
(4, 5, (0, 1, 0, 0, 0, 0, 0, 1, 0))
(4, 5, (0, 1, 0, 0, 0, 0, 0, 1, 1))
(4, 5, (0, 1, 0, 0, 0, 0, 1, 0, 0))
(4, 5, (0, 1, 0, 0, 0, 0, 1, 0, 1))
(4, 5, (0, 1, 0, 0, 0, 0, 1, 1, 0))
(4, 5, (0, 1, 0, 0, 0, 0, 1, 1, 1))
(4, 5, (0, 1, 0, 0, 0, 1, 0, 0, 0))
(4, 5, (0, 1, 0, 0, 0, 1, 0, 0, 1))
(4, 5, (0, 1, 0, 0, 0, 1, 0, 1, 0))
(4, 5, (0, 1, 0, 0, 0, 1, 0, 1, 1))
(4, 5, (0, 1, 0, 0, 0, 1, 1, 0, 0))
(4, 5, (0, 1, 0, 0, 0, 1, 1, 0, 1))
(4, 5, (0, 1, 0, 0, 0, 1, 1, 1, 0))
(4, 5, (0, 1, 0, 0, 1, 0, 0, 0, 0))
(4, 5, (0, 1, 0, 0, 1, 0, 0, 0, 1))
(4, 5, (0, 1, 0, 0, 1, 0, 0, 1, 0))
(4, 5, (0, 1, 0, 0, 1, 0, 0, 1, 1))
(4, 5, (0, 1, 0, 0, 1, 0, 1, 0, 0))
(4, 5, (0, 1, 0, 0, 1, 0, 1, 0, 1))
(4, 5, (0, 1, 0, 0, 1, 0, 1, 1, 0))
(4, 5, (0, 1, 0, 0, 1, 1, 0, 0, 0))
(4, 5, (0, 1, 0, 0, 1, 1, 0, 0, 1))
(4, 5, (0, 1, 0, 0, 1, 1, 0, 1, 0))
(4, 5, (0, 1, 0, 0, 1, 1, 1, 0, 0))
(4, 5, (0, 1, 0, 1, 0, 0, 0, 0, 0))
(4, 5, (0, 1, 0, 1, 0, 0, 0, 0, 1))
(4, 5, (0, 1, 0, 1, 0, 0, 0, 1, 0))
(4, 5, (0, 1, 0, 1, 0, 0, 0, 1, 1))
(4, 5, (0, 1, 0, 1, 0, 0, 1, 0, 0))
(4, 5, (0, 1, 0, 1, 0, 0, 1, 0, 1))
(4, 5, (0, 1, 0, 1, 0, 0, 1, 1, 0))
(4, 5, (0, 1, 0, 1, 0, 0, 1, 1, 1))
(4, 5, (0, 1, 0, 1, 0, 1, 0, 0, 0))
(4, 5, (0, 1, 0, 1, 0, 1, 0, 0, 1))
(4, 5, (0, 1, 0, 1, 0, 1, 0, 1, 0))
(4, 5, (0, 1, 0, 1, 0, 1, 0, 1, 1))
(4, 5, (0, 1, 0, 1, 0, 1, 1, 0, 0))
(4, 5, (0, 1, 0, 1, 0, 1, 1, 0, 1))
(4, 5, (0, 1, 0, 1, 1, 0, 0, 0, 0))
(4, 5, (0, 1, 0, 1, 1, 0, 0, 0, 1))
(4, 5, (0, 1, 0, 1, 1, 0, 0, 1, 0))
(4, 5, (0, 1, 0, 1, 1, 0, 0, 1, 1))
(4, 5, (0, 1, 0, 1, 1, 0, 1, 0, 0))
(4, 5, (0, 1, 0, 1, 1, 0, 1, 0, 1))
(4, 5, (0, 1, 1, 0, 0, 0, 0, 0, 0))
(4, 5, (0, 1, 1, 0, 0, 0, 0, 0, 1))
(4, 5, (0, 1, 1, 0, 0, 0, 0, 1, 0))
(4, 5, (0, 1, 1, 0, 0, 0, 0, 1, 1))
(4, 5, (0, 1, 1, 0, 0, 0, 1, 0, 0))
(4, 5, (0, 1, 1, 0, 0, 0, 1, 0, 1))
(4, 5, (0, 1, 1, 0, 0, 0, 1, 1, 0))
(4, 5, (0, 1, 1, 0, 0, 0, 1, 1, 1))
(4, 5, (0, 1, 1, 0, 0, 1, 0, 0, 0))
(4, 5, (0, 1, 1, 0, 0, 1, 0, 0, 1))
(4, 5, (0, 1, 1, 0, 0, 1, 0, 1, 0))
(4, 5, (0, 1, 1, 0, 0, 1, 0, 1, 1))
(4, 5, (0, 1, 1, 0, 0, 1, 1, 0, 0))
(4, 5, (0, 1, 1, 0, 0, 1, 1, 0, 1))
(4, 5, (0, 1, 1, 0, 0, 1, 1, 1, 0))
(4, 5, (0, 1, 1, 0, 1, 0, 0, 0, 0))
(4, 5, (0, 1, 1, 0, 1, 0, 0, 0, 1))
(4, 5, (0, 1, 1, 0, 1, 0, 0, 1, 0))
(4, 5, (0, 1, 1, 0, 1, 0, 0, 1, 1))
(4, 5, (0, 1, 1, 0, 1, 0, 1, 0, 0))
(4, 5, (0, 1, 1, 0, 1, 0, 1, 0, 1))
(4, 5, (0, 1, 1, 0, 1, 0, 1, 1, 0))
(5, 5, (0, 0, 0, 0, 0, 0, 0, 0, 0))
(5, 5, (0, 0, 0, 0, 0, 0, 0, 0, 1))
(5, 5, (0, 0, 0, 0, 0, 0, 0, 1, 0))
(5, 5, (0, 0, 0, 0, 0, 0, 0, 1, 1))
(5, 5, (0, 0, 0, 0, 0, 0, 1, 0, 0))
(5, 5, (0, 0, 0, 0, 0, 0, 1, 0, 1))
(5, 5, (0, 0, 0, 0, 0, 0, 1, 1, 0))
(5, 5, (0, 0, 0, 0, 0, 0, 1, 1, 1))
(5, 5, (0, 0, 0, 0, 0, 1, 0, 0, 0))
(5, 5, (0, 0, 0, 0, 0, 1, 0, 0, 1))
(5, 5, (0, 0, 0, 0, 0, 1, 0, 1, 0))
(5, 5, (0, 0, 0, 0, 0, 1, 0, 1, 1))
(5, 5, (0, 0, 0, 0, 0, 1, 1, 0, 0))
(5, 5, (0, 0, 0, 0, 0, 1, 1, 0, 1))
(5, 5, (0, 0, 0, 0, 0, 1, 1, 1, 0))
(5, 5, (0, 0, 0, 0, 1, 0, 0, 0, 0))
(5, 5, (0, 0, 0, 0, 1, 0, 0, 0, 1))
(5, 5, (0, 0, 0, 0, 1, 0, 0, 1, 0))
(5, 5, (0, 0, 0, 0, 1, 0, 0, 1, 1))
(5, 5, (0, 0, 0, 0, 1, 0, 1, 0, 0))
(5, 5, (0, 0, 0, 0, 1, 0, 1, 0, 1))
(5, 5, (0, 0, 0, 0, 1, 0, 1, 1, 0))
(5, 5, (0, 0, 0, 0, 1, 1, 0, 0, 0))
(5, 5, (0, 0, 0, 0, 1, 1, 0, 0, 1))
(5, 5, (0, 0, 0, 0, 1, 1, 0, 1, 0))
(5, 5, (0, 0, 0, 0, 1, 1, 1, 0, 0))
(5, 5, (0, 0, 0, 1, 0, 0, 0, 0, 0))
(5, 5, (0, 0, 0, 1, 0, 0, 0, 0, 1))
(5, 5, (0, 0, 0, 1, 0, 0, 0, 1, 0))
(5, 5, (0, 0, 0, 1, 0, 0, 0, 1, 1))
(5, 5, (0, 0, 0, 1, 0, 0, 1, 0, 0))
(5, 5, (0, 0, 0, 1, 0, 0, 1, 0, 1))
(5, 5, (0, 0, 0, 1, 0, 0, 1, 1, 0))
(5, 5, (0, 0, 0, 1, 0, 0, 1, 1, 1))
(5, 5, (0, 0, 0, 1, 0, 1, 0, 0, 0))
(5, 5, (0, 0, 0, 1, 0, 1, 0, 0, 1))
(5, 5, (0, 0, 0, 1, 0, 1, 0, 1, 0))
(5, 5, (0, 0, 0, 1, 0, 1, 0, 1, 1))
(5, 5, (0, 0, 0, 1, 0, 1, 1, 0, 0))
(5, 5, (0, 0, 0, 1, 0, 1, 1, 0, 1))
(5, 5, (0, 0, 0, 1, 1, 0, 0, 0, 0))
(5, 5, (0, 0, 0, 1, 1, 0, 0, 0, 1))
(5, 5, (0, 0, 0, 1, 1, 0, 0, 1, 0))
(5, 5, (0, 0, 0, 1, 1, 0, 0, 1, 1))
(5, 5, (0, 0, 0, 1, 1, 0, 1, 0, 0))
(5, 5, (0, 0, 0, 1, 1, 0, 1, 0, 1))
(5, 5, (0, 0, 0, 1, 1, 1, 0, 0, 0))
(5, 5, (0, 0, 0, 1, 1, 1, 0, 0, 1))
(5, 5, (0, 0, 1, 0, 0, 0, 0, 0, 0))
(5, 5, (0, 0, 1, 0, 0, 0, 0, 0, 1))
(5, 5, (0, 0, 1, 0, 0, 0, 0, 1, 0))
(5, 5, (0, 0, 1, 0, 0, 0, 0, 1, 1))
(5, 5, (0, 0, 1, 0, 0, 0, 1, 0, 0))
(5, 5, (0, 0, 1, 0, 0, 0, 1, 0, 1))
(5, 5, (0, 0, 1, 0, 0, 0, 1, 1, 0))
(5, 5, (0, 0, 1, 0, 0, 0, 1, 1, 1))
(5, 5, (0, 0, 1, 0, 0, 1, 0, 0, 0))
(5, 5, (0, 0, 1, 0, 0, 1, 0, 0, 1))
(5, 5, (0, 0, 1, 0, 0, 1, 0, 1, 0))
(5, 5, (0, 0, 1, 0, 0, 1, 0, 1, 1))
(5, 5, (0, 0, 1, 0, 0, 1, 1, 0, 0))
(5, 5, (0, 0, 1, 0, 0, 1, 1, 0, 1))
(5, 5, (0, 0, 1, 0, 0, 1, 1, 1, 0))
(5, 5, (0, 0, 1, 0, 1, 0, 0, 0, 0))
(5, 5, (0, 0, 1, 0, 1, 0, 0, 0, 1))
(5, 5, (0, 0, 1, 0, 1, 0, 0, 1, 0))
(5, 5, (0, 0, 1, 0, 1, 0, 0, 1, 1))
(5, 5, (0, 0, 1, 0, 1, 0, 1, 0, 0))
(5, 5, (0, 0, 1, 0, 1, 0, 1, 0, 1))
(5, 5, (0, 0, 1, 0, 1, 0, 1, 1, 0))
(5, 5, (0, 0, 1, 0, 1, 1, 0, 0, 0))
(5, 5, (0, 0, 1, 0, 1, 1, 0, 0, 1))
(5, 5, (0, 0, 1, 0, 1, 1, 0, 1, 0))
(5, 5, (0, 0, 1, 1, 0, 0, 0, 0, 0))
(5, 5, (0, 0, 1, 1, 0, 0, 0, 0, 1))
(5, 5, (0, 0, 1, 1, 0, 0, 0, 1, 0))
(5, 5, (0, 0, 1, 1, 0, 0, 0, 1, 1))
(5, 5, (0, 0, 1, 1, 0, 0, 1, 0, 0))
(5, 5, (0, 0, 1, 1, 0, 0, 1, 0, 1))
(5, 5, (0, 0, 1, 1, 0, 0, 1, 1, 0))
(5, 5, (0, 0, 1, 1, 0, 0, 1, 1, 1))
(5, 5, (0, 0, 1, 1, 0, 1, 0, 0, 0))
(5, 5, (0, 0, 1, 1, 0, 1, 0, 0, 1))
(5, 5, (0, 0, 1, 1, 0, 1, 0, 1, 0))
(5, 5, (0, 0, 1, 1, 0, 1, 0, 1, 1))
(5, 5, (0, 0, 1, 1, 1, 0, 0, 0, 0))
(5, 5, (0, 0, 1, 1, 1, 0, 0, 0, 1))
(5, 5, (0, 0, 1, 1, 1, 0, 0, 1, 0))
(5, 5, (0, 0, 1, 1, 1, 0, 0, 1, 1))
(5, 5, (0, 1, 0, 0, 0, 0, 0, 0, 0))
(5, 5, (0, 1, 0, 0, 0, 0, 0, 0, 1))
(5, 5, (0, 1, 0, 0, 0, 0, 0, 1, 0))
(5, 5, (0, 1, 0, 0, 0, 0, 0, 1, 1))
(5, 5, (0, 1, 0, 0, 0, 0, 1, 0, 0))
(5, 5, (0, 1, 0, 0, 0, 0, 1, 0, 1))
(5, 5, (0, 1, 0, 0, 0, 0, 1, 1, 0))
(5, 5, (0, 1, 0, 0, 0, 0, 1, 1, 1))
(5, 5, (0, 1, 0, 0, 0, 1, 0, 0, 0))
(5, 5, (0, 1, 0, 0, 0, 1, 0, 0, 1))
(5, 5, (0, 1, 0, 0, 0, 1, 0, 1, 0))
(5, 5, (0, 1, 0, 0, 0, 1, 0, 1, 1))
(5, 5, (0, 1, 0, 0, 0, 1, 1, 0, 0))
(5, 5, (0, 1, 0, 0, 0, 1, 1, 0, 1))
(5, 5, (0, 1, 0, 0, 0, 1, 1, 1, 0))
(5, 5, (0, 1, 0, 0, 1, 0, 0, 0, 0))
(5, 5, (0, 1, 0, 0, 1, 0, 0, 0, 1))
(5, 5, (0, 1, 0, 0, 1, 0, 0, 1, 0))
(5, 5, (0, 1, 0, 0, 1, 0, 0, 1, 1))
(5, 5, (0, 1, 0, 0, 1, 0, 1, 0, 0))
(5, 5, (0, 1, 0, 0, 1, 0, 1, 0, 1))
(5, 5, (0, 1, 0, 0, 1, 0, 1, 1, 0))
(5, 5, (0, 1, 0, 0, 1, 1, 0, 0, 0))
(5, 5, (0, 1, 0, 0, 1, 1, 0, 0, 1))
(5, 5, (0, 1, 0, 0, 1, 1, 0, 1, 0))
(5, 5, (0, 1, 0, 0, 1, 1, 1, 0, 0))
(5, 5, (0, 1, 0, 1, 0, 0, 0, 0, 0))
(5, 5, (0, 1, 0, 1, 0, 0, 0, 0, 1))
(5, 5, (0, 1, 0, 1, 0, 0, 0, 1, 0))
(5, 5, (0, 1, 0, 1, 0, 0, 0, 1, 1))
(5, 5, (0, 1, 0, 1, 0, 0, 1, 0, 0))
(5, 5, (0, 1, 0, 1, 0, 0, 1, 0, 1))
(5, 5, (0, 1, 0, 1, 0, 0, 1, 1, 0))
(5, 5, (0, 1, 0, 1, 0, 0, 1, 1, 1))
(5, 5, (0, 1, 0, 1, 0, 1, 0, 0, 0))
(5, 5, (0, 1, 0, 1, 0, 1, 0, 0, 1))
(5, 5, (0, 1, 0, 1, 0, 1, 0, 1, 0))
(5, 5, (0, 1, 0, 1, 0, 1, 0, 1, 1))
(5, 5, (0, 1, 0, 1, 0, 1, 1, 0, 0))
(5, 5, (0, 1, 0, 1, 0, 1, 1, 0, 1))
(5, 5, (0, 1, 0, 1, 1, 0, 0, 0, 0))
(5, 5, (0, 1, 0, 1, 1, 0, 0, 0, 1))
(5, 5, (0, 1, 0, 1, 1, 0, 0, 1, 0))
(5, 5, (0, 1, 0, 1, 1, 0, 0, 1, 1))
(5, 5, (0, 1, 0, 1, 1, 0, 1, 0, 0))
(5, 5, (0, 1, 0, 1, 1, 0, 1, 0, 1))
(5, 5, (0, 1, 1, 0, 0, 0, 0, 0, 0))
(5, 5, (0, 1, 1, 0, 0, 0, 0, 0, 1))
(5, 5, (0, 1, 1, 0, 0, 0, 0, 1, 0))
(5, 5, (0, 1, 1, 0, 0, 0, 0, 1, 1))
(5, 5, (0, 1, 1, 0, 0, 0, 1, 0, 0))
(5, 5, (0, 1, 1, 0, 0, 0, 1, 0, 1))
(5, 5, (0, 1, 1, 0, 0, 0, 1, 1, 0))
(5, 5, (0, 1, 1, 0, 0, 0, 1, 1, 1))
(5, 5, (0, 1, 1, 0, 0, 1, 0, 0, 0))
(5, 5, (0, 1, 1, 0, 0, 1, 0, 0, 1))
(5, 5, (0, 1, 1, 0, 0, 1, 0, 1, 0))
(5, 5, (0, 1, 1, 0, 0, 1, 0, 1, 1))
(5, 5, (0, 1, 1, 0, 0, 1, 1, 0, 0))
(5, 5, (0, 1, 1, 0, 0, 1, 1, 0, 1))
(5, 5, (0, 1, 1, 0, 0, 1, 1, 1, 0))
(5, 5, (0, 1, 1, 0, 1, 0, 0, 0, 0))
(5, 5, (0, 1, 1, 0, 1, 0, 0, 0, 1))
(5, 5, (0, 1, 1, 0, 1, 0, 0, 1, 0))
(5, 5, (0, 1, 1, 0, 1, 0, 0, 1, 1))
(5, 5, (0, 1, 1, 0, 1, 0, 1, 0, 0))
(5, 5, (0, 1, 1, 0, 1, 0, 1, 0, 1))
(5, 5, (0, 1, 1, 0, 1, 0, 1, 1, 0))
(5, 5, (0, 1, 1, 1, 0, 0, 0, 0, 0))
(5, 5, (0, 1, 1, 1, 0, 0, 0, 0, 1))
(5, 5, (0, 1, 1, 1, 0, 0, 0, 1, 0))
(5, 5, (0, 1, 1, 1, 0, 0, 0, 1, 1))
(5, 5, (0, 1, 1, 1, 0, 0, 1, 0, 0))
(5, 5, (0, 1, 1, 1, 0, 0, 1, 0, 1))
(5, 5, (0, 1, 1, 1, 0, 0, 1, 1, 0))
(5, 5, (0, 1, 1, 1, 0, 0, 1, 1, 1))
